 21.7823    33.8216
 21.4067    34.9769
 21.4197    35.8619
 20.7501    34.5880
 20.8560    34.0834
 21.3750    35.9417
 21.1983    37.1865
 21.5241    37.5871
 21.1901    36.0169
 21.1132    36.3281
 22.1753    36.8060
 21.6392    36.0753
 20.7444    36.6801
 21.0582    34.2846
 21.3962    35.7735
 21.1610    36.3655
 21.2979    36.3213
 20.7386    35.4796
 21.0732    35.0727
 20.8015    35.7386
 19.9672    36.0299
 20.8196    34.2153
 20.8483    36.2961
 20.5239    34.6579
 20.8070    37.5612
 20.4232    35.9595
 20.2214    35.6628
 20.7791    36.5283
 20.0268    36.9531
 19.7517    37.1581
 21.1725    37.3964
 19.8896    37.1582
 20.3768    38.3326
 20.2895    38.5760
 20.5897    40.0510
 20.0678    37.3816
 20.8533    40.5034
 20.8987    38.6924
 20.0514    39.7401
 21.1841    39.5821
 20.3375    37.8366
 20.4071    38.6972
 21.0786    39.5302
 19.8538    40.4916
 20.4196    40.9872
 20.5062    39.1558
 20.1200    40.0316
 19.7936    38.9792
 19.9206    40.2809
 19.1493    39.2419
 19.9618    41.0521
 20.1668    41.4093
 19.6007    39.6276
 19.8619    38.3077
 19.8436    39.0182
 19.6678    41.2605
 20.0170    39.9684
 19.9697    37.9869
 20.3079    40.7874
 20.3471    39.4190
 20.6253    37.9663
 20.4795    39.7988
 20.2771    38.1115
 20.0786    40.3036
 20.1138    39.9581
 20.2452    37.2564
 20.0322    37.4358
 20.5933    39.7254
 20.3730    38.8100
 20.4298    40.0313
 19.7975    39.1823
 19.8342    38.2695
 20.2981    39.6493
 21.0142    40.6111
 20.1891    42.2510
 19.9037    38.8811
 20.0791    40.1519
 19.7302    41.4190
 20.0682    42.8680
 19.6057    40.1791
 19.8228    38.9044
 20.6018    39.9046
 20.2897    39.6376
 20.7546    41.0016
 20.2005    42.9197
 20.3346    41.2100
 20.6284    39.4024
 19.8847    42.3940
 20.7873    42.4977
 21.0321    39.1756
 20.4770    38.9850
 20.2244    40.8949
 20.6297    41.4032
 20.2082    40.1799
 19.9748    40.4682
 19.6458    42.5481
 20.1949    40.9394
 19.6428    41.0046
 20.8174    40.4811
 20.4647    39.5111
 20.4308    39.9417
 20.5508    41.7603
 20.6153    41.5045
 21.1156    40.7839
 20.3964    40.2508
 20.6823    40.7787
 20.4013    40.9363
 20.2235    39.0476
 20.3818    39.7487
 20.1402    37.3845
 20.8796    38.7206
 20.4361    37.6520
 19.9610    39.1850
 19.9891    38.8624
 20.3550    39.9204
 20.3244    38.8647
 20.2140    39.6338
 19.9957    40.9539
 20.3071    40.0564
 20.3526    39.2066
 20.5535    39.8545
 21.2756    39.1281
 20.4195    38.7809
 20.0653    39.3110
 19.9508    39.1042
 20.3295    36.8005
 19.8346    38.3513
 20.2713    38.6971
 20.7167    38.5855
 21.6920    38.9705
 21.2450    38.1251
 21.2513    38.3774
 20.8941    38.0120
 20.8174    38.7496
 20.7951    35.7463
 20.6444    39.2102
 21.2971    36.9451
 20.9787    36.4210
 20.1026    37.7449
 19.9323    36.5203
 19.2826    37.1674
 20.1445    36.0697
 20.1103    37.1649
 19.7182    38.4930
 20.0777    35.8448
 19.9849    39.0292
 20.3008    36.0220
 20.5053    36.4320
 20.5967    36.9112
 20.2951    36.7417
 20.8875    38.6220
 20.5827    38.2154
 21.2393    38.0575
 21.1426    39.5929
 19.9378    38.2615
 20.7126    38.4827
 20.5452    37.9207
 20.7509    39.8955
 20.8924    37.6540
 20.6400    38.1271
 21.2961    37.5827
 20.9509    38.8315
 21.5508    38.8694
 21.1997    36.0905
 21.1591    38.2979
 20.2716    37.3932
 19.6687    37.6667
 19.8403    37.3393
 19.3432    35.3283
 20.1460    37.3947
 19.6180    38.8814
 19.2162    37.5419
 19.9138    38.9953
 19.7974    36.8818
 19.1780    37.8332
 20.5039    36.4372
 19.9586    37.3065
 20.7091    39.5103
 19.5902    38.3424
 19.8483    36.5243
 19.5839    36.7506
 19.3317    36.1253
 19.9703    38.4028
 20.3185    37.1752
 19.8866    37.3345
 20.0399    37.9354
 19.6117    37.8692
 18.3226    36.9988
 19.4074    37.4782
 19.6739    36.4538
 19.6392    37.8537
 20.2534    35.9608
 19.8422    36.2986
 19.4557    37.1673
 19.7166    37.7377
 19.8425    36.2430
 20.3527    34.7582
 19.4402    36.9895
 17.9926    36.9367
 19.8183    36.5413
 18.8782    37.8509
 19.5623    37.5599
 18.7144    35.9241
 19.0149    35.2921
 19.7081    35.6709
 19.0655    37.9642
 19.5657    37.5507
 19.1563    36.9181
 18.6343    36.2388
 19.5356    37.0545
 19.0375    39.1610
 19.5636    36.6801
 18.7837    38.1417
 18.9180    39.4728
 19.9832    35.6896
 19.3424    36.9171
 19.4323    37.7224
 19.3305    34.8611
 19.6752    37.3748
 19.6644    35.4348
 19.1230    36.5026
 19.2885    35.7949
 20.1052    37.2758
 20.0775    36.5672
 19.7103    38.5363
 19.7223    37.8674
 19.9338    36.5789
 19.5130    36.9807
 20.8997    38.3185
 20.4799    37.4633
 20.4121    41.0217
 20.5587    38.3270
 20.3982    37.7932
 19.8385    37.8659
 20.7284    36.3058
 20.6724    38.3876
 20.2615    36.8036
 21.1780    38.0685
 20.3386    38.1962
 21.0187    37.0863
 20.6914    36.8050
 20.4185    38.6221
 20.0934    36.1643
 21.3632    36.6396
 20.3582    35.2055
 20.6711    36.1485
 20.2801    35.5733
 20.0575    39.1719
 21.1225    38.2161
 20.5740    37.3143
 20.3284    37.7108
 20.5260    38.1811
 20.6283    38.1122
 20.0634    36.4413
 20.4663    40.0651
 20.4864    39.2015
 20.0008    37.9353
 19.9155    39.0151
 19.3535    38.9090
 20.8912    38.7020
 19.4045    37.6715
 20.3070    37.7413
 20.1276    38.2752
 20.7861    37.8520
 21.0013    37.5821
 20.9341    39.3279
 20.0539    40.3314
 20.5490    37.2348
 20.8184    36.5804
 20.0800    39.0580
 20.6450    38.8428
 20.9239    39.0389
 21.3137    38.7370
 20.7908    39.5482
 22.0228    41.5361
 21.0301    39.5140
 21.3023    41.4380
 20.4375    39.4284
 20.8960    40.6628
 21.2608    42.0892
 20.4447    39.9851
 19.7451    43.2866
 19.9145    41.7959
 19.6835    39.6642
 21.1939    38.6516
 20.7937    39.0285
 20.5349    39.9239
 20.4225    40.9934
 20.2445    40.8090
 20.4855    40.8048
 20.0715    39.5183
 19.9016    41.3134
 20.0503    39.3348
 20.2259    38.6986
 20.3523    38.5248
 20.2314    39.1965
 21.0127    41.3475
 20.1755    40.2683
 20.8840    41.7339
 20.5793    39.6236
 20.0360    40.3296
 21.1075    40.3439
 20.3828    39.3361
 20.6737    40.4389
 20.0868    40.5510
 20.5105    40.9709
 19.5100    41.0108
 19.8481    40.3497
 20.0308    42.2582
 20.4976    41.4026
 20.2912    40.3359
 20.0589    38.4338
 20.2392    42.3381
 20.1446    38.9854
 19.7774    42.1601
 19.8700    41.1005
 20.0794    41.4789
 20.2594    40.1667
 20.1600    42.1149
 20.6118    40.8777
 20.1353    40.4818
 20.0436    40.5432
 20.4184    39.7833
 19.6216    40.3146
 19.7937    41.7798
 19.2083    41.3236
 19.3199    42.1106
 20.4246    41.2169
 19.6245    38.5244
 21.0433    40.2872
 20.2779    39.9575
 20.5838    41.2030
 19.8653    41.6497
 19.8098    42.9652
 19.7137    41.4107
 20.6048    43.4745
 20.9050    39.2754
 20.7476    39.9279
 19.5351    40.9840
 20.5725    41.1406
 20.6135    37.5616
 19.7835    40.5058
 19.9129    40.7927
 19.8439    40.2041
 20.0731    40.8205
 20.6111    39.5205
 20.5108    40.7543
 19.6237    39.3480
 20.4895    40.3892
 19.3221    39.1102
 21.1208    39.9682
 19.7768    38.7375
 20.2175    39.1978
 19.9867    39.2550
 20.4632    37.6214
 20.2546    38.5780
 20.7412    37.8218
 20.6063    40.2378
 20.2093    39.3709
 20.3303    38.7557
 19.6555    39.0184
 20.2538    37.8715
 19.6480    39.3029
 19.4510    37.8551
 19.7008    39.9040
 19.5336    39.4863
 19.8313    39.7543
 20.1256    39.2030
 20.3220    38.3579
 20.5546    38.8613
 19.9748    37.7786
 19.4566    40.2336
 20.2254    38.0758
 20.6267    37.9496
 19.6482    38.1951
 20.2253    38.2744
 20.0340    39.6092
 20.3591    38.6600
 20.1156    39.8479
 19.9680    38.2714
 19.8349    40.6745
 20.1992    39.5234
 19.9421    37.8837
 19.5625    39.5167
 20.1702    38.5320
 19.4472    40.6562
 20.7241    40.4565
 20.7696    40.5999
 19.4246    40.3866
 20.1581    39.3448
 20.6204    39.5317
 20.4757    38.7333
 20.2120    39.8878
 19.5689    36.7961
 20.0258    38.4077
 19.9825    39.0204
 19.4069    37.7934
 19.6345    39.6211
 20.3268    37.7432
 20.0449    39.0752
 20.2498    39.2138
 19.7410    37.9090
 20.7110    40.3775
 20.6550    40.2922
 20.0304    37.9066
 20.1466    40.7153
 20.4796    39.4583
 20.6242    40.6537
 19.9676    38.8499
 20.7494    39.5524
 19.7489    38.4527
 20.2022    38.7849
 20.4111    39.3985
 20.2155    39.8781
 19.7007    40.3915
 19.7968    39.3365
 20.8359    40.1457
 20.1050    37.8381
 20.7697    38.7153
 20.7705    39.6056
 20.1704    36.6147
 20.0884    39.7768
 19.6945    38.4713
 20.2871    39.9505
 20.0437    39.8819
 20.6041    40.0221
 19.9731    40.3352
 20.1248    39.9824
 19.9758    38.9697
 20.3307    40.2672
 20.3262    39.2505
 20.1871    38.3556
 20.0844    39.4147
 20.0523    40.8574
 20.3698    40.2446
 20.2262    39.5166
 20.5290    40.6728
 20.1675    40.2810
 20.4437    39.5081
 20.0148    38.9893
 19.3791    38.8656
 20.9395    39.1944
 19.6950    38.7973
 20.0025    40.6839
 20.2573    40.2934
 20.4286    39.6714
 18.9886    40.7144
 19.6158    40.0145
 19.7948    39.8033
 19.8626    39.9632
 19.6780    39.2142
 19.7098    40.1317
 18.8488    40.2600
 19.4943    40.4197
 19.4570    39.0364
 19.9470    40.7241
 19.7699    40.8748
 19.6976    41.1984
 20.0224    41.6985
 19.9454    39.4260
 19.9963    42.7317
 19.9563    42.7745
 19.6942    38.6116
 20.8720    42.4905
 19.7501    40.6413
 19.3496    39.6042
 20.1986    39.6221
 19.3652    39.4332
 20.1268    39.5919
 20.3228    40.7044
 20.7527    40.9627
 19.7937    40.1402
 21.5068    40.8654
 20.6055    39.9994
 20.9617    40.2626
 20.5537    40.8012
 22.0124    41.3930
 21.2584    39.4229
 21.4552    42.0858
 21.1866    42.3072
 21.1843    43.2315
 20.8164    40.8212
 20.9026    41.6841
 21.1086    40.3369
 20.8103    39.4084
 20.6206    39.4543
 21.4094    41.9722
 21.4414    39.8673
 21.4762    38.0281
 20.8561    37.6924
 21.3388    41.6636
 21.2372    38.8350
 21.6271    39.6636
 21.8248    39.6845
 21.4523    40.3441
 20.6334    42.1318
 21.0064    41.5071
 20.8000    40.4439
 20.5762    41.3301
 20.1103    39.1779
 19.9152    40.1492
 20.4664    40.7810
 20.1935    41.5743
 20.4821    41.0485
 20.8111    40.9535
 20.4290    39.1265
 20.2370    41.1695
 19.7579    38.8843
 20.8239    42.9667
 21.0482    42.7247
 20.8541    41.0653
 20.3439    40.3958
 20.2460    40.4609
 20.6215    39.1039
 20.7477    38.5364
 20.2101    41.0800
 20.2673    40.1303
 20.1941    40.6833
 19.6268    42.4568
 19.6368    40.4671
 19.9557    43.1044
 20.8102    40.8678
 20.7613    39.5336
 20.1483    40.5554
 20.5683    41.0198
 20.6164    40.4577
 19.8907    40.2395
 20.3583    40.7804
 20.0490    41.3101
 20.4718    39.3511
 20.3911    41.6890
 20.1027    40.0309
 20.2035    40.8321
 20.5957    40.7419
 20.5861    40.8190
 20.6050    39.2293
 20.6212    39.8779
 20.3980    39.2725
 20.6807    39.0310
 20.2937    39.7408
 20.4919    39.1604
 20.5004    39.8675
 20.8969    40.1823
 20.9529    40.1583
 21.0557    41.4002
 20.8497    40.5642
 21.1655    41.2775
 21.2010    40.1968
 20.5561    41.5091
 20.6112    39.7140
 20.4499    40.9265
 20.5160    41.1208
 21.0992    39.9573
 20.6304    40.7016
 20.7175    39.6466
 21.2250    39.9053
 21.1682    38.1813
 21.4670    39.9487
 20.3308    38.8435
 20.9295    40.0910
 20.9780    38.6894
 20.8267    39.6379
 21.3475    38.2195
 21.6810    39.8965
 20.6400    38.7041
 20.3505    39.5798
 20.5061    40.2989
 20.8499    39.8195
 20.4900    39.5917
 20.7840    38.7967
 20.7996    40.4383
 20.3663    38.1289
 20.4764    40.0280
 20.4840    40.6674
 20.7077    38.8462
 20.5956    39.4469
 20.3663    40.8761
 21.0097    40.4560
 20.7060    41.7729
 20.0443    41.2335
 20.6627    40.9843
 20.0179    41.7096
 20.3061    41.7436
 20.7146    39.7201
 21.4461    41.1216
 20.4792    40.5876
 20.3244    43.6644
 20.8226    38.2895
 20.3102    40.6708
 20.1291    40.7208
 20.8484    38.6305
 21.2807    41.0285
 20.8005    41.0588
 20.8754    39.8710
 20.3455    43.2650
 20.7797    39.8898
 20.5405    40.4069
 20.6588    38.4258
 20.6484    39.7396
 20.9607    38.0084
 20.9779    39.6965
 20.8723    39.9343
 20.3541    39.9020
 21.3232    40.1696
 20.8763    39.5945
 20.9578    39.3185
 21.0104    37.8914
 21.3797    39.9228
 20.7121    38.6323
 21.0780    38.8455
 20.2352    39.5137
 20.3202    39.6538
 20.7931    39.4273
 20.8324    39.0366
 21.2484    41.5708
 20.3487    41.1532
 20.7386    41.2962
 20.7511    39.1443
 21.3777    39.5712
 21.8639    39.6830
 20.6260    39.7854
 22.0523    38.6552
 21.1410    39.5238
 21.0941    40.6076
 20.6030    37.6892
 20.7948    39.7258
 20.8288    39.9969
 21.6828    41.5478
 21.0073    39.4094
 20.9820    40.8059
 21.1335    40.9696
 21.5831    40.6194
 21.1873    40.5897
 21.4864    43.4867
 21.2452    41.4955
 21.4060    40.0401
 21.3306    40.5705
 21.4682    39.9785
 21.2037    40.9365
 21.4710    39.6305
 20.0441    37.4854
 19.8297    39.0190
 20.1208    40.3234
 20.8331    40.4055
 20.1961    38.4801
 21.0400    39.9195
 20.8244    38.8222
 21.1643    39.8691
 20.7776    40.3761
 20.2587    41.6843
 20.6680    39.5893
 20.6964    38.9451
 21.3446    38.6386
 20.6211    40.3010
 21.0198    37.4293
 21.4681    40.1561
 20.3757    38.5919
 20.5500    40.2941
 20.3100    42.0851
 20.1440    39.6383
 20.7674    38.6400
 20.3879    38.3401
 20.5018    38.7966
 20.0067    38.0284
 20.1683    39.1496
 20.4316    38.8721
 20.4153    38.1314
 20.5967    40.5333
 20.6230    38.8778
 20.4375    39.5030
 21.2662    40.3568
 21.7705    40.2561
 21.2400    39.4089
 21.2430    40.1970
 20.8196    39.5142
 21.3930    38.2876
 20.4342    38.7764
 20.2881    39.4692
 20.1063    38.8286
 20.8231    39.6847
 20.8728    40.6791
 20.5718    37.6107
 21.4055    38.6276
 20.5560    39.2585
 20.3101    39.0939
 20.6444    42.5379
 21.5694    39.6776
 21.3521    41.1524
 20.2470    39.5566
 20.1161    38.8905
 19.7224    40.0013
 20.7588    42.8522
 20.0437    40.1677
 20.1262    40.0859
 21.1905    40.9664
 20.3708    41.5262
 20.7235    40.1767
 20.3306    40.9224
 20.8863    40.6602
 21.2349    41.9073
 21.3087    38.9345
 20.9607    41.1713
 20.5951    41.8166
 21.0350    40.8893
 21.3577    41.1780
 21.0449    40.8383
 20.9146    40.2145
 21.0891    41.0479
 21.1843    41.9988
 21.1518    39.8290
 20.3424    39.1426
 20.7717    38.2768
 20.2539    38.0620
 20.2714    41.2301
 20.5912    39.7682
 20.4499    40.3094
 20.9413    41.0631
 20.3116    40.8705
 20.6397    41.9914
 20.3172    40.1513
 20.7377    40.3922
 20.6128    41.4050
 20.2880    39.5461
 20.9041    40.0820
 20.1968    39.3227
 20.8307    39.6535
 20.6148    40.9670
 21.0043    39.3288
 20.2307    38.3596
 20.8419    39.9229
 20.4024    42.0645
 21.3804    39.9820
 20.6578    38.8107
 21.5060    40.0484
 20.9776    41.5295
 20.9070    39.5017
 20.7445    40.8231
 21.1098    41.4831
 20.9255    41.7200
 21.1564    41.2363
 21.5874    42.0001
 20.9610    41.4979
 21.4256    42.1461
 20.9352    42.6799
 21.0897    41.1744
 21.2317    40.0372
 20.9640    39.9985
 20.6249    39.0053
 21.9959    41.5105
 21.3837    42.8760
 21.1316    38.9242
 21.0897    38.7986
 21.0174    39.8431
 20.1837    38.8820
 20.7936    38.6618
 21.2573    41.6466
 20.2394    40.5838
 20.9830    41.7223
 20.4125    40.7686
 20.7616    39.6144
 20.7779    41.2694
 20.5895    40.2310
 21.0099    38.9934
 21.3222    41.1979
 21.0279    42.6493
 20.8692    40.2496
 20.2103    41.8228
 20.7475    39.1378
 20.9599    41.4144
 21.2804    42.6984
 21.0638    40.9370
 21.2083    40.6418
 21.1702    40.4854
 21.2310    42.6552
 21.0064    41.7442
 21.0881    39.8469
 21.0506    41.1830
 20.3569    41.8917
 20.6866    43.3684
 20.7303    43.0547
 21.0583    41.0013
 21.1095    41.3425
 21.2195    39.5102
 20.4586    42.2275
 20.8030    39.8871
 21.0263    41.3164
 20.9822    42.6146
 20.3745    41.5975
 20.7186    39.9913
 21.3315    41.0887
 20.5464    41.5517
 20.7590    43.8983
 20.8455    41.9627
 20.6315    41.5664
 20.6904    40.6481
 20.6987    41.7007
 21.0333    40.5396
 21.0910    41.1434
 20.4135    41.8065
 20.8609    41.2411
 20.9461    42.3956
 20.5719    40.3240
 20.7415    40.4785
 20.2639    38.7491
 20.9047    41.6629
 20.9586    41.4719
 20.4494    42.5746
 20.6862    40.6902
 20.8441    41.0723
 20.8969    41.1945
 21.1669    39.8600
 20.8558    40.9382
 20.6662    41.5879
 21.0742    43.1384
 21.0316    42.2028
 20.5305    41.3229
 20.4804    40.5283
 20.3032    42.2163
 20.6687    41.5884
 20.4920    39.3453
 20.6417    39.8001
 19.5473    38.1412
 20.9884    40.0031
 20.2661    41.5721
 20.0099    40.3196
 20.3552    40.7066
 20.8793    40.2400
 21.0732    39.3227
 20.2504    38.0458
 20.5660    40.0225
 20.1668    40.6571
 20.9682    39.6205
 20.3003    40.6653
 20.5361    39.4413
 20.1408    40.6631
 20.7279    41.0814
 20.7581    41.5786
 21.4860    39.4855
 20.4500    39.9956
 20.5176    41.3169
 20.6588    42.6421
 21.1009    41.1331
 20.8127    40.4243
 20.7141    40.6543
 21.1062    41.2293
 20.7285    41.5734
 20.9683    39.6866
 20.7991    40.8632
 21.1784    42.3932
 20.0467    39.9961
 20.1958    40.0943
 20.4808    42.4338
 21.1120    39.6971
 20.8984    41.0462
 20.5217    41.1358
 21.4447    40.8039
 21.9336    42.2581
 20.5665    40.9184
 20.7870    41.8489
 21.0478    41.9007
 20.8641    41.5991
 20.3689    40.2355
 20.6486    41.3270
 20.6420    42.3934
 20.1907    40.8406
 20.5667    41.0726
 19.6881    42.1338
 20.4878    41.2579
 20.1336    41.5200
 19.8487    41.1779
 20.9556    40.3880
 20.1362    40.6161
 20.6821    41.6153
 20.7436    41.8816
 20.7509    40.7271
 20.4218    40.3023
 20.9378    41.7721
 19.4262    41.9873
 20.0679    41.6495
 19.9899    42.8278
 20.4744    41.5341
 20.6155    43.3879
 20.7802    42.8561
 20.9295    42.3045
 21.3608    41.4821
 20.7951    41.1566
 20.2933    41.7318
 20.3473    40.5166
 20.7284    40.4387
 21.1565    40.9611
 21.3232    40.5625
 21.3985    40.6693
 20.8105    41.1313
 20.5733    40.6319
 20.8666    40.0577
 21.5816    38.3811
 20.9819    40.3547
 19.5325    40.5439
 21.1160    39.2068
 21.1536    40.5264
 21.6633    39.3607
 20.4367    40.3021
 20.5431    39.9698
 21.0913    41.5859
 19.9338    40.4728
 19.8714    38.9166
 20.5486    41.3352
 20.5763    39.2421
 20.5686    40.7612
 20.0879    40.7342
 21.1317    38.1120
 20.5557    38.1288
 20.5162    38.6376
 20.9347    38.9792
 20.7362    37.1046
 20.8912    40.5461
 21.1839    36.8897
 20.3077    37.7256
 20.7061    39.6519
 21.2380    38.3336
 20.3203    39.9272
 20.6016    38.8784
 20.5197    39.2664
 20.9908    39.0440
 20.5173    38.8736
 20.9983    39.6365
 20.2600    38.7017
 20.2037    39.5568
 20.1570    38.4042
 20.8231    40.8887
 20.3574    38.1064
 20.9506    38.1834
 19.5238    38.2965
 20.8612    38.0438
 19.8113    39.7742
 20.0087    39.8984
 20.1827    39.4191
 19.4863    39.0170
 20.1063    36.5749
 20.3932    37.6138
 20.5403    38.7528
 20.6259    41.7815
 20.7581    41.0260
 20.0067    41.8445
 20.8230    41.7178
 21.4922    39.2702
 21.3783    42.9144
 20.7196    39.3281
 20.2748    41.3398
 21.0726    38.6977
 20.8424    38.9281
 20.7578    40.4171
 20.2850    40.6874
 20.1891    42.2722
 20.3613    44.1153
 20.6492    40.5914
 20.0772    39.3331
 20.1438    37.8524
 20.9341    41.0157
 19.7948    43.7443
 19.4778    41.3310
 20.3706    42.6624
 20.9264    43.2737
 20.8916    42.6565
 21.0578    41.2971
 20.2643    44.0513
 20.9198    41.5489
 20.8095    40.8381
 20.9763    41.2682
 20.7225    40.9708
 21.0098    42.5605
 20.4279    41.9203
 20.2699    41.9485
 19.7752    39.8376
 19.6863    41.4362
 19.9822    38.3047
 20.6156    40.7670
 20.5623    43.9352
 20.0000    44.3388
 19.7723    41.0142
 20.0729    42.1857
 19.7846    42.4459
 19.8069    42.7414
 20.5847    43.5781
 20.8036    44.1046
 20.3933    43.1287
 19.8903    44.3526
 20.6032    42.6385
 20.2804    42.0235
 20.2387    41.4386
 20.9032    43.5129
 20.8615    41.2849
 20.5170    43.0239
 20.2650    41.9081
 20.1003    42.3754
 20.9807    42.9297
 20.7236    43.2800
 20.7401    42.8300
 20.3608    41.6483
 21.0350    42.1931
 20.7735    39.2848
 20.9003    38.8604
 20.0704    44.2315
 20.9199    42.1829
 19.6993    42.1357
 20.6248    41.5012
 20.0476    40.4239
 21.0853    43.2224
 20.0779    42.5743
 21.3101    42.8929
 20.1001    42.5707
 20.3814    43.1922
 20.6930    41.8680
 20.7580    42.6232
 20.1178    40.5179
 20.7183    43.0694
 20.9959    41.0642
 21.3005    43.2811
 21.4449    42.9586
 21.0652    41.9637
 21.4964    43.5802
 20.6699    43.9247
 20.9944    42.1561
 20.7684    42.1298
 20.9222    43.2184
 20.3677    41.4755
 20.5674    43.4698
 20.8225    44.8980
 20.8412    44.3328
 20.2707    43.3093
 20.2008    41.4021
 20.7354    41.8151
 20.2067    43.8703
 19.8606    45.1227
 20.4161    43.7644
 20.1077    44.0545
 20.9479    43.7481
 20.7210    43.8910
 20.8596    43.3344
 20.3133    41.6347
 20.2256    40.6529
 20.5045    42.9325
 20.4848    41.9261
 19.7889    42.1853
 20.2929    44.1349
 20.3345    42.8185
 20.1076    43.0432
 19.9247    41.2036
 20.2608    41.2741
 20.0825    41.5942
 20.4830    43.2753
 20.5342    44.0450
 20.7419    42.1633
 21.1190    43.8210
 20.5218    42.0039
 21.1193    42.0241
 21.3388    42.5021
 20.2975    43.0134
 20.7731    42.3276
 20.6605    43.8886
 20.0366    41.0492
 20.6633    43.6633
 20.0583    42.2571
 20.1331    41.7549
 20.8123    42.7609
 21.1865    42.8087
 20.5364    41.2429
 21.1400    43.7514
 20.5250    42.7610
 21.0632    43.4216
 20.9800    43.2319
 20.3965    40.5133
 21.0496    41.4257
 21.0729    41.5392
 20.9120    40.6753
 21.1893    41.5228
 21.4528    42.6362
 21.5093    42.9310
 22.0652    42.2524
 21.1103    41.0202
 21.2023    41.5408
 21.5827    42.1661
 20.7535    40.0844
 20.4032    41.0893
 20.4490    40.3787
 21.3501    41.6740
 21.6096    41.1403
 21.0718    41.5565
 21.9115    40.5324
 21.1142    40.8548
 20.7017    42.0268
 21.1979    40.8186
 19.9897    40.9290
 20.9953    40.7722
 19.7931    39.8501
 20.4765    39.9959
 20.2686    40.1006
 21.3010    42.7312
 20.5976    40.5410
 21.2724    41.4751
 21.1004    40.5064
 20.5923    40.6717
 21.0870    38.7722
 19.9238    42.0418
 20.2638    41.4374
 20.2814    42.8297
 20.2657    42.1524
 20.5558    42.8560
 19.4426    43.1669
 20.6956    41.8643
 20.3784    42.6290
 20.9569    41.4530
 20.9041    40.3710
 20.6745    43.0743
 21.1079    42.1880
 20.3075    41.4740
 20.4656    42.1369
 20.2525    42.0058
 20.7101    40.2108
 21.1227    40.9325
 20.8225    42.1519
 20.9530    42.3508
 21.1022    40.5972
 20.8818    39.9427
 21.6002    42.4633
 20.5168    41.6724
 21.3387    40.0514
 20.9097    42.5355
 21.1441    40.4843
 21.8718    40.5873
 21.3234    40.3785
 21.0061    42.5977
 20.8659    42.2151
 21.3537    40.2153
 20.6080    41.5367
 20.8251    41.5743
 20.8305    41.5266
 20.9174    39.1829
 20.9655    41.4199
 21.3744    40.4322
 20.8996    41.7906
 21.3938    41.0378
 22.0205    42.0200
 21.6641    41.9978
 21.0919    41.4208
 21.8821    40.4939
 20.7517    41.9277
 21.2362    41.9023
 20.7726    41.5038
 21.2115    41.3729
 20.6826    42.5958
 20.6605    42.8622
 20.9227    41.4854
 21.4668    42.2707
 20.7750    41.1226
 21.3845    41.9376
 21.5550    42.6026
 21.6969    41.2232
 21.0794    41.0056
 20.6775    41.4596
 20.5111    42.6197
 20.5214    42.8682
 21.1780    43.7243
 20.9297    41.7816
 19.8307    41.6960
 21.3739    42.9417
 20.3966    41.6175
 20.3354    41.9011
 20.6943    41.1660
 20.5449    42.4813
 20.3306    41.1684
 20.8450    40.7010
 20.4509    45.2868
 20.6313    41.6873
 20.8155    40.2216
 20.7694    41.7550
 20.9387    42.0786
 20.7346    42.8809
 21.3895    40.7501
 21.8348    42.6005
 20.0363    42.8857
 20.3448    39.5100
 21.1933    41.0966
 20.7246    40.6711
 20.4479    40.6000
 20.8699    40.3983
 20.8442    40.1049
 21.3886    41.7303
 21.1122    39.8991
 21.3230    41.1199
 21.7205    39.8348
 20.9709    40.3663
 20.4966    38.9469
 20.9844    43.7709
 21.1401    39.6983
 21.4344    41.4011
 20.1047    39.9513
 20.8863    43.3580
 20.7606    42.7333
 20.8318    40.7303
 21.0117    41.3833
 21.0653    40.3920
 21.0401    39.7413
 20.9919    40.2591
 20.9732    39.5740
 20.5676    39.8458
 20.5051    40.8633
 20.6931    40.1003
 21.5161    39.6315
 21.2820    39.5639
 21.4625    42.3361
 21.1092    40.3112
 21.0388    40.2683
 20.4949    43.2120
 20.4162    40.8839
 21.5549    40.9562
 21.0342    42.4581
 20.9037    40.3057
 20.7159    40.6657
 20.3152    40.8682
 20.6994    39.8808
 20.3384    40.6470
 21.0030    42.7218
 20.3625    42.3672
 20.6421    40.5725
 20.0863    41.4572
 20.2483    41.8816
 20.7223    43.2746
 20.5323    43.0867
 20.4619    40.3096
 20.3978    39.1137
 21.2299    41.9312
 20.6890    40.1843
 20.5030    43.1677
 20.8558    42.6734
 20.9760    41.4158
 20.8877    41.5389
 20.8586    41.7378
 20.4385    41.1191
 20.1617    41.7191
 20.3198    41.9281
 20.6904    41.8952
 19.5944    39.8247
 21.1858    42.6272
 20.6236    42.3518
 20.7829    40.6961
 20.5005    40.9375
 20.9128    40.3534
 21.0645    39.8770
 21.3609    40.8874
 20.7756    40.9243
 20.5287    42.0298
 21.4059    41.4556
 20.0619    41.4525
 20.7180    39.7163
 21.2594    40.3760
 20.4143    42.7074
 21.1965    41.9613
 21.1044    38.5930
 21.0226    39.6046
 20.6952    41.3167
 20.2959    42.1003
 19.9415    41.1550
 20.2663    41.3431
 20.5969    41.0587
 19.8632    40.7153
 20.5210    40.4637
 21.0790    41.2550
 20.7449    41.5719
 21.0820    41.3052
 20.6944    41.0744
 19.8548    41.6913
 20.1371    39.9027
 20.8507    42.7751
 20.6590    41.9709
 20.3194    42.4135
 20.6725    41.3308
 20.0574    40.1775
 20.3042    41.5006
 21.0443    42.9618
 20.9732    41.0359
 21.0868    42.1906
 19.7540    40.4195
 20.2141    40.0916
 19.9470    41.7527
 19.8646    41.5166
 20.4039    41.4561
 21.2659    42.5482
 20.4554    40.5766
 20.1404    42.1096
 21.2351    42.6179
 21.1084    41.5895
 21.0083    40.8035
 20.5762    41.1595
 20.3656    42.4248
 19.9375    40.6355
 21.4732    41.1381
 20.5114    40.3815
 20.6010    41.1609
 21.0426    40.6430
 21.2204    40.0715
 21.8284    40.0943
 21.5522    42.0720
 20.5636    39.5619
 21.5175    38.4308
 21.3007    39.2572
 21.0621    39.5124
 21.1682    40.0425
 20.6543    40.5061
 20.0456    40.7748
 20.9227    40.8590
 20.6572    40.2774
 20.9127    41.1277
 20.6346    39.9405
 20.5075    42.7439
 20.9379    40.0143
 21.1216    41.5767
 20.5944    40.6524
 21.0660    40.0464
 21.6630    38.9795
 20.8676    40.1972
 22.2374    40.9541
 21.0300    40.8319
 21.8053    44.6319
 21.6325    39.6890
 20.8504    39.5096
 21.4889    40.4891
 21.7114    42.5302
 21.2125    40.4469
 21.2169    42.2651
 21.6144    42.6984
 21.2585    43.0301
 20.5067    41.7551
 20.5662    40.8649
 20.5418    41.4193
 21.1246    41.3196
 20.1993    41.0798
 19.9977    41.1858
 20.3368    39.8568
 20.9028    41.6330
 20.6606    41.8329
 19.8105    40.8941
 20.1563    41.5503
 20.6992    41.0047
 20.2493    40.0807
 20.0219    39.1891
 21.4097    41.9903
 20.6378    40.9386
 20.1760    40.2307
 20.0213    41.1423
 20.4334    41.0028
 20.1760    41.7088
 20.1989    40.5827
 20.1243    39.1525
 20.5669    41.9918
 19.5328    40.8230
 20.8968    41.6553
 21.3052    41.4154
 20.6222    41.2626
 21.5381    41.7108
 20.7605    41.5179
 20.4910    42.2875
 21.0733    41.5672
 21.0264    41.2263
 20.9360    41.8770
 21.2086    41.7889
 21.0267    43.1139
 21.0618    40.0554
 21.0614    42.4099
 20.7185    40.8877
 20.1040    39.2697
 20.0487    42.0592
 20.2490    42.6814
 20.7242    42.8529
 20.6141    39.5741
 20.3210    40.4713
 20.9128    41.3957
 21.3324    40.8772
 21.4064    42.7138
 21.8488    42.6982
 21.2228    42.4988
 21.0883    41.4010
 20.1749    39.7408
 20.2193    40.8398
 20.3197    40.0591
 20.1963    39.4855
 20.2066    40.6295
 20.4845    41.5354
 20.4278    40.8926
 20.1721    42.6071
 20.7319    42.0565
 19.8042    42.3242
 21.1173    39.8587
 20.4417    39.9708
 19.9953    40.6146
 20.5774    40.8743
 19.6385    40.4403
 20.6594    41.2197
 20.8378    39.6143
 20.4809    41.3176
 20.2321    41.9238
 20.0945    42.1377
 19.7608    41.8658
 20.1876    40.9448
 20.4874    40.0170
 20.3271    41.0975
 20.5797    41.7358
 20.4777    39.4006
 20.7671    40.5185
 21.1913    40.5967
 21.6453    40.8200
 20.3223    39.5124
 20.7214    41.6239
 20.4207    41.6113
 20.3288    39.9052
 20.0908    43.3500
 20.6139    40.6734
 20.1054    39.5233
 20.9125    39.7436
 20.4835    41.9630
 20.1413    42.2128
 20.5906    41.8746
 20.0098    38.0453
 20.8920    41.3175
 20.5982    41.2680
 20.9272    40.9430
 20.5866    40.8433
 20.2931    40.3380
 21.3490    40.8694
 20.2540    40.9315
 20.4596    41.2533
 20.2609    38.8374
 20.3742    39.5101
 21.0419    41.2560
 20.6221    40.3710
 21.0017    41.7935
 20.4439    40.3441
 21.0930    39.6234
 20.8434    39.9433
 20.7589    40.2994
 21.1234    39.3714
 20.4679    43.6635
 21.2673    42.7072
 20.2439    40.7346
 20.6239    40.9591
 21.2566    43.8539
 20.8828    42.4223
 21.5262    42.2207
 21.8561    42.3458
 21.9098    41.2608
 21.7918    41.7216
 21.5595    41.0508
 21.2719    40.0808
 21.3232    39.9687
 20.7488    42.3302
 20.2964    40.9668
 20.2624    41.6088
 20.6741    40.4134
 20.1495    42.3843
 20.0655    43.8455
 19.9441    41.9468
 20.0792    39.8901
 20.0194    42.3160
 20.5902    41.2076
 20.7671    41.8897
 20.5893    42.9027
 21.0120    41.7163
 21.1836    40.7130
 21.5322    43.4530
 21.6818    43.1300
 20.7255    42.4997
 20.3385    43.4183
 20.9750    43.0602
 20.1330    42.1631
 20.1313    42.1898
 20.7010    41.9087
 19.9787    42.4287
 21.2744    39.9179
 20.7631    40.8035
 21.0715    40.4313
 21.5019    42.1024
 20.5935    40.7188
 20.1613    40.8406
 20.9166    42.0159
 20.7747    40.3792
 20.9434    42.4753
 21.0484    40.8981
 20.4946    42.1056
 20.7299    40.9616
 20.6147    42.4049
 20.7683    42.9312
 20.0660    40.9193
 20.4039    42.4145
 20.4167    42.4129
 19.8640    42.0781
 20.6594    43.6308
 20.0443    41.6796
 20.1392    43.1966
 20.6305    43.9020
 20.4223    43.9304
 20.9524    43.4792
 20.8404    42.5281
 20.7040    43.0009
 21.0474    41.9563
 20.2474    39.9080
 20.8346    41.6150
 20.5361    42.1406
 20.0354    42.1626
 20.2417    40.9262
 20.4816    42.5686
 20.0486    40.6695
 20.3738    41.7998
 20.6684    41.7740
 20.0764    41.4546
 20.6132    41.8231
 20.3498    40.9372
 20.3766    42.7708
 20.3842    40.3477
 20.2218    41.2129
 20.7284    40.5223
 20.5589    40.9107
 20.8875    42.2447
 20.4522    41.7057
 20.2066    40.9837
 20.1804    39.6156
 20.3866    42.0205
 20.6808    41.4710
 20.0206    42.4045
 20.4262    41.8271
 20.4171    41.7166
 19.6016    41.9416
 20.4821    40.3981
 20.1490    39.4866
 20.0988    41.5409
 19.9507    40.9224
 20.2084    41.8003
 19.7334    41.5048
 20.1101    40.4731
 20.2054    41.3516
 20.1675    40.5309
 19.4813    39.2875
 21.0158    41.3985
 20.5146    40.7067
 19.6428    40.5354
 19.5723    39.0915
 20.3060    40.0921
 19.8276    38.7616
 20.2496    39.6391
 19.8478    40.0564
 20.2096    39.1653
 20.4584    41.6893
 20.1712    39.9274
 20.3437    40.6413
 20.7035    39.7989
 19.9361    39.5202
 20.5823    42.5456
 20.1244    42.1312
 20.2480    39.4628
 20.5750    39.3931
 20.3390    39.8345
 20.0344    41.6403
 20.9189    42.1428
 20.2848    39.6844
 20.2559    41.2712
 21.1732    39.1742
 20.1284    40.5637
 20.8751    39.7698
 20.9578    41.1282
 21.4032    41.7093
 20.6612    39.2929
 20.7392    40.0083
 21.1058    41.1711
 20.2704    38.5543
 20.3205    39.0515
 20.2490    40.7370
 20.8813    38.5824
 20.5728    40.7341
 19.8250    38.6225
 19.9895    39.8290
 19.5531    40.7368
 21.1357    41.5355
 20.5526    37.9341
 20.5520    40.7191
 20.9065    39.6546
 21.3330    40.8848
 20.4375    38.8120
 20.5193    40.0199
 20.7336    40.8692
 21.0578    39.1422
 21.0217    41.3201
 21.1285    40.0258
 21.1848    41.2286
 20.4157    40.8072
 20.6400    38.9698
 20.0224    41.1049
 20.5242    40.9925
 20.5537    41.9800
 20.2406    42.9413
 20.3906    43.6726
 20.9309    41.4848
 20.5337    39.6678
 20.6238    41.6162
 20.2202    40.6846
 20.3969    41.7626
 20.0748    42.3047
 20.5062    41.5232
 19.9245    43.2204
 20.6749    40.2087
 19.8246    40.5961
 20.6267    41.2838
 20.5949    43.2939
 20.5670    43.3295
 20.3084    40.8178
 20.1037    40.7827
 20.1694    40.7043
 20.3344    42.5309
 20.7546    42.4756
 20.8173    42.3535
 20.9569    42.2041
 21.3933    39.7228
 20.2406    40.2956
 20.6160    41.6967
 20.8790    40.8025
 20.1600    41.6290
 20.5267    41.6576
 20.4793    42.0598
 20.0211    41.7991
 20.2957    41.2147
 19.9110    41.7543
 20.4402    40.6490
 20.3389    42.7101
 19.6318    43.5613
 20.0476    40.9797
 20.7990    42.7556
 19.6154    42.7013
 19.9821    42.2770
 20.1508    43.4571
 20.2347    41.3571
 19.8331    42.8745
 19.7083    42.2204
 19.9558    41.7302
 20.1006    41.7542
 20.2139    41.7275
 20.1137    41.2527
 19.0379    42.6245
 20.3438    43.6293
 19.9526    41.4624
 20.8872    40.2938
 20.7574    41.2655
 21.0192    43.4293
 22.0148    42.7790
 21.9454    41.6792
 20.8823    41.6111
 21.1799    39.4864
 21.0425    42.4200
 20.8974    41.9536
 21.1216    40.8420
 20.9045    41.6114
 20.9219    41.0213
 20.0403    43.5312
 20.7457    41.9481
 20.8348    43.1938
 21.0632    41.1593
 20.8184    41.1798
 20.9922    41.7488
 20.4223    41.5087
 20.5447    40.0908
 20.3624    40.9038
 19.4327    42.3442
 19.6942    41.9453
 20.6213    42.4312
 20.1916    41.3787
 20.4549    40.1226
 20.6752    43.9080
 20.7991    42.6312
 21.6345    42.0352
 21.3873    41.7396
 21.1037    39.3288
 21.1986    41.7495
 21.1867    40.5617
 20.9523    40.4852
 21.1376    42.8221
 20.6239    41.3389
 21.6961    40.4947
 21.6121    39.3363
 21.5997    40.6384
 20.7164    39.7750
 20.3245    40.7580
 20.4023    39.3588
 20.7288    39.9632
 20.8138    37.3923
 21.4799    39.2858
 21.3226    39.1845
 21.6563    40.6995
 20.9436    39.1455
 21.6866    42.0382
 21.9361    40.6243
 20.8198    39.9463
 21.0919    40.4379
 21.1387    40.2977
 21.4899    40.7781
 20.6166    39.5656
 20.9644    40.9105
 20.8489    40.9633
 21.3731    40.6550
 20.9230    42.0216
 20.0339    41.8195
 20.6004    40.9213
 21.3906    39.1184
 20.8500    38.3936
 21.2456    39.6731
 20.7064    39.8221
 20.8128    41.4002
 19.5249    40.1900
 20.0345    39.4788
 19.9118    38.7265
 20.3435    41.0165
 20.6628    40.4182
 20.1980    38.2327
 20.7226    40.8844
 20.2936    38.3478
 20.1040    42.3517
 20.3222    39.8388
 20.0876    41.6222
 20.4569    42.7915
 20.1816    42.8778
 19.9333    40.9602
 19.8995    41.7816
 20.2682    39.6548
 20.5640    40.5347
 20.5273    40.3137
 20.0711    40.5174
 20.1864    39.7761
 20.5796    38.0650
 20.5508    41.5539
 20.1554    40.9177
 20.5192    40.6854
 20.9234    40.4664
 20.3082    40.2578
 20.1197    39.7150
 20.2918    39.4901
 20.0862    39.0470
 20.2374    39.9639
 19.5938    40.2732
 20.1259    39.9914
 20.5135    39.7051
 20.3759    39.2450
 20.0232    39.7708
 20.1291    39.9108
 20.0412    39.2561
 20.1170    39.4812
 19.9639    39.7647
 20.3468    38.8206
 20.0539    40.1128
 20.3226    40.4598
 19.9091    40.2426
 20.6052    38.9380
 20.9953    39.4033
 19.9612    38.8131
 20.7622    39.3496
 20.4488    39.7099
 20.0481    41.8351
 20.3950    40.1305
 20.0334    37.5604
 20.0652    39.7851
 20.6725    38.9261
 20.0296    41.6269
 21.2469    39.1022
 21.8882    40.6321
 20.9367    39.0256
 21.7372    42.3134
 20.7261    40.5647
 21.3308    40.9352
 20.8354    40.0807
 21.6636    39.0349
 20.9995    41.7387
 20.9792    39.1098
 21.1763    37.8086
 21.4454    40.3447
 20.5373    40.0406
 20.2637    39.8803
 20.9794    39.5780
 21.1496    38.1368
 20.9505    40.4861
 20.8093    39.3109
 20.9836    39.5550
 20.4472    40.0725
 20.4349    40.0316
 20.4622    40.3885
 20.2415    42.1288
 19.9527    38.6988
 20.1157    39.1072
 20.8216    40.9993
 20.7281    39.5732
 20.0757    39.0655
 20.3166    41.6255
 20.9420    42.5820
 20.8033    42.5203
 20.8673    40.8425
 20.4886    40.1249
 21.0320    41.0072
 21.0730    42.7525
 20.6566    41.8093
 21.1409    41.4918
 20.3503    40.4548
 21.1194    40.2096
 20.8251    40.2360
 21.5916    40.0537
 21.1208    40.2324
 21.0898    39.7901
 20.7296    40.7562
 21.6156    40.3141
 21.0815    40.9116
 21.3953    41.0164
 20.9976    41.3290
 20.6680    40.3364
 20.6230    41.6046
 20.1826    41.4480
 20.6872    41.2117
 21.1374    40.6725
 20.3769    39.1604
 20.5057    38.0057
 21.1378    41.6391
 20.2437    40.0422
 20.9511    40.5312
 20.2315    38.2240
 20.7093    41.1442
 20.9949    40.8761
 20.5125    41.5225
 20.3723    39.4839
 20.4493    39.9408
 20.7113    38.2684
 20.9108    40.0357
 21.3275    40.8457
 19.8039    40.5290
 20.6718    42.1992
 19.6164    40.0640
 19.7642    40.7253
 20.0775    41.8500
 19.5425    40.1331
 20.8284    41.0472
 21.2433    40.6808
 20.7270    41.8376
 21.0209    41.7680
 20.5359    42.0127
 20.1914    39.5920
 19.8016    39.1942
 20.1695    40.6235
 19.9039    40.7258
 19.8396    40.8112
 19.1192    41.6684
 19.3000    41.7712
 19.5412    39.8831
 19.8581    39.9879
 19.9527    39.6698
 19.6721    42.1871
 19.8676    39.8169
 20.5858    39.7337
 20.0865    39.3837
 19.5839    42.2537
 19.9158    38.9187
 19.7365    39.2496
 19.9603    39.2666
 20.3861    42.7954
 19.8926    40.9247
 20.7637    41.1098
 20.3667    40.7611
 21.2078    39.9560
 19.9430    41.2762
 20.2351    40.8457
 19.7360    39.2803
 19.5482    41.3682
 20.7596    42.3574
 20.0118    40.5280
 19.5962    41.6806
 20.1086    39.8922
 20.0701    41.4290
 19.8476    41.2095
 20.3162    39.1497
 20.0605    40.9016
 20.4046    42.4167
 20.2591    41.9649
 20.1016    40.5932
 19.7937    42.1099
 20.5686    39.0074
 20.3331    41.1631
 20.2286    41.4091
 20.8692    40.5916
 21.3610    40.5422
 20.1497    39.5570
 20.3241    39.7298
 20.0344    41.4775
 20.6185    41.8557
 20.8119    40.9650
 21.1663    39.2599
 20.7392    40.0231
 20.8889    42.7715
 19.8784    40.1023
 20.3207    38.6902
 20.2589    40.3428
 21.1607    41.0007
 21.1352    39.8471
 20.4856    40.0365
 21.4447    40.6160
 20.6713    40.2390
 20.3103    39.5808
 21.0056    41.5182
 20.4057    40.8634
 20.4385    40.5800
 19.7605    41.4777
 19.9551    41.0478
 19.7573    40.7058
 20.0103    40.3513
 19.4145    39.5446
 20.1194    41.3019
 20.5011    39.9250
 19.3265    40.1251
 20.1318    40.8257
 19.8249    39.9231
 20.0971    40.1006
 20.4021    41.0197
 20.7403    40.4303
 20.6295    40.5649
 19.6032    41.8011
 20.2297    40.0763
 20.9724    38.1942
 19.5795    40.7654
 20.4022    41.1252
 20.7134    39.6327
 20.2283    39.9123
 20.0892    41.6440
 20.4831    40.7556
 20.0677    38.2164
 20.0546    39.9093
 20.7788    40.7476
 20.1976    39.4002
 20.0862    40.2964
 20.1737    39.2918
 20.8984    40.1006
 20.8078    39.8098
 20.3672    39.2546
 19.8962    39.8158
 19.4817    39.8905
 19.6403    40.3214
 20.2510    39.0159
 19.2474    40.3646
 19.6940    42.0949
 20.6460    39.3390
 19.1848    41.3640
 19.5833    40.3424
 19.8485    40.2986
 20.7263    39.7135
 19.8405    40.9171
 19.8992    41.5456
 19.4689    40.6677
 19.5396    40.0305
 20.0562    41.3101
 19.4927    40.7806
 19.1317    40.4292
 19.8737    40.4959
 19.8479    40.4979
 19.8181    40.0529
 19.4017    40.4118
 20.4423    40.9958
 19.7502    40.0929
 19.6764    42.0451
 20.1693    40.2100
 19.7018    41.5752
 20.0584    39.5182
 20.0576    41.2149
 19.5631    40.3241
 19.6542    41.7025
 20.0543    43.1703
 19.7260    40.9206
 19.5784    40.5928
 19.8081    41.9617
 19.4551    41.4293
 19.9093    42.0934
 19.5544    40.2967
 20.4225    43.6875
 20.6591    41.1738
 20.5033    41.1828
 20.7176    39.9689
 20.2078    39.1435
 20.0111    40.6360
 19.9142    40.7596
 20.0265    40.4517
 19.6650    40.8258
 20.2062    41.2446
 20.3049    41.1840
 19.7477    40.8802
 19.9027    40.4914
 20.6621    43.4384
 20.5520    40.5090
 19.9159    41.9322
 19.6385    41.2525
 20.8124    41.0900
 19.8600    39.2662
 19.9087    41.7697
 20.1973    42.3343
 19.9943    39.3876
 20.6673    41.1189
 20.3081    41.9367
 20.3245    41.1399
 20.5176    40.1737
 20.7133    41.2157
 20.7977    41.0482
 20.3892    41.2529
 20.2528    39.7529
 20.5312    40.3904
 19.7594    40.6527
 19.7041    42.4229
 20.0451    37.8188
 20.0466    39.0329
 20.4286    40.6405
 20.4983    40.0834
 20.1941    40.1039
 20.0455    38.8782
 20.7445    40.2591
 20.3289    40.7120
 19.9328    39.0861
 20.1480    39.4281
 20.4685    39.7254
 19.7405    40.9176
 20.3329    40.8894
 20.2805    39.0276
 19.8779    38.9643
 19.5779    39.0841
 19.3231    38.3059
 20.6621    40.1349
 19.7529    39.0584
 19.7895    38.8361
 19.1512    38.7000
 19.8760    41.6686
 20.0259    41.2206
 20.0006    40.5294
 20.6028    40.3994
 20.4807    38.1354
 20.2226    40.1840
 20.1626    38.9464
 20.2210    40.0132
 20.6922    40.5525
 20.1139    40.6749
 20.6843    38.7449
 20.4229    40.0525
 20.5849    37.8647
 21.0362    39.9218
 20.8077    40.2128
 20.6901    40.0935
 19.9646    41.0098
 21.0164    41.0393
 19.8521    39.5521
 20.5342    41.7307
 20.0434    39.6011
 19.8521    40.4008
 20.6647    39.6633
 20.1028    40.7602
 19.8837    40.5424
 20.3937    39.6873
 20.4402    40.8620
 20.8020    39.9319
 20.1720    40.2591
 20.1394    39.7204
 20.2343    39.5273
 20.1606    40.4109
 20.5830    40.8511
 19.9584    40.7883
 20.4106    41.3162
 19.8047    40.5276
 20.0830    38.5736
 19.0509    40.1529
 20.3937    41.0895
 20.3118    40.4558
 19.8991    38.8515
 20.9321    37.1981
 20.0851    39.9357
 19.4819    41.2075
 20.7850    40.6264
 20.4456    39.5380
 20.2553    41.1227
 20.4099    40.5430
 19.4673    39.3193
 20.3944    40.1816
 19.9833    40.4252
 20.1460    38.0883
 20.1368    41.1572
 20.3096    39.0083
 20.2709    42.5359
 20.2239    38.5850
 19.7550    38.8099
 20.2406    41.7812
 20.1441    38.9938
 20.8309    39.3769
 19.9390    40.2012
 19.9324    39.3068
 20.3235    41.9185
 20.4901    39.3194
 19.9669    41.8383
 20.5073    41.0745
 19.8913    39.9467
 19.4642    41.3881
 19.9380    40.0093
 19.7284    40.2391
 19.9909    39.0819
 20.1827    41.3300
 19.7189    39.5987
 19.4557    39.9605
 19.9908    38.7206
 20.3417    39.4677
 20.0739    38.7819
 19.9285    39.2053
 20.3793    38.0609
 19.9942    39.3760
 20.1173    38.3010
 20.1202    39.5027
 19.5140    39.5544
 20.8126    41.2653
 20.5762    37.6621
 19.9646    37.4401
 20.9269    40.1300
 20.1865    38.3947
 20.3901    38.5570
 20.2623    41.5593
 20.4519    39.8748
 20.8089    39.8614
 20.1661    39.6918
 20.1088    39.2042
 20.6531    40.8327
 20.5324    40.2081
 20.4034    38.8153
 20.6966    39.6281
 20.0125    39.2269
 19.6420    39.2095
 19.5675    41.6655
 19.7283    38.8831
 20.4512    40.1168
 20.3147    38.8064
 19.8898    38.8802
 20.0333    40.2346
 20.5829    40.0584
 20.0863    39.8285
 20.7193    39.5849
 20.5209    39.1738
 19.9781    38.7158
 20.1182    40.6365
 20.2298    39.9592
 19.9232    39.3531
 20.8739    39.4568
 20.4902    40.9603
 19.8203    39.8006
 19.8807    40.0882
 20.0476    37.6743
 20.2969    40.4031
 20.8568    41.7408
 19.7618    40.2070
 20.0273    38.8773
 20.2527    38.4009
 20.0117    39.9359
 20.2850    39.9284
 20.5933    38.3201
 20.1906    39.5984
 19.9343    42.1738
 20.2538    39.0668
 20.6744    40.9231
 20.2909    40.3214
 20.3377    40.8151
 19.9250    38.8416
 20.5468    40.2076
 20.5069    39.1555
 20.0302    41.1144
 20.0598    38.5512
 19.9934    38.8458
 20.3069    40.5696
 20.3155    38.1596
 20.3220    39.0174
 20.3802    39.7889
 20.3991    40.3444
 20.1815    38.7910
 20.3991    39.4746
 20.6803    41.2634
 20.5735    39.3001
 20.4084    40.8780
 20.2453    40.0063
 20.2759    38.5297
 20.2561    40.3208
 19.7765    38.3316
 20.7404    38.8741
 20.4134    40.5472
 20.2781    40.0260
 20.5422    40.5493
 20.3796    41.2030
 20.9313    40.8582
 21.2577    39.0383
 20.6299    39.3140
 20.9694    40.0555
 20.4951    40.3207
 20.6345    39.3487
 20.4953    38.4925
 20.3404    38.2847
 20.3232    39.3296
 20.4254    39.6528
 20.8736    39.3326
 20.5835    39.9792
 20.6749    38.9684
 20.6917    39.5168
 20.4714    39.5994
 20.7700    38.4275
 20.7838    39.6141
 20.2006    37.7039
 20.3675    39.5618
 19.9915    38.5814
 20.2210    40.8800
 20.8960    39.6893
 20.2830    38.3517
 20.2514    38.0853
 20.8820    40.3293
 20.2612    39.5718
 20.6350    41.9286
 20.8482    39.5043
 20.3484    40.8882
 20.7179    37.8204
 20.8268    41.1796
 21.0422    39.7259
 20.4237    39.9266
 20.0681    40.0779
 20.4436    40.5504
 20.0094    39.4178
 19.9835    40.4857
 20.1778    40.7199
 20.2697    40.0715
 20.5034    39.4208
 20.4282    38.3230
 20.5019    39.0204
 20.1995    39.1057
 20.1874    40.3329
 19.9276    38.3160
 20.5527    41.1479
 20.2940    40.1410
 20.0911    39.4723
 20.4602    39.0625
 20.5763    40.4238
 20.4808    40.0430
 20.3328    38.8411
 20.2782    39.5993
 20.3455    41.6182
 20.2172    39.8165
 20.2474    38.0675
 20.5042    38.8628
 20.3828    38.0216
 20.4506    41.3531
 20.3206    39.3938
 20.5939    39.8335
 20.5232    39.7244
 20.3930    39.6230
 19.9429    40.5691
 20.1150    40.7781
 20.2142    39.5126
 19.8799    38.0141
 19.9557    41.6229
 19.3849    40.7804
 20.4077    38.9658
 20.6439    37.3840
 20.4169    40.1281
 20.4587    38.7786
 20.0443    38.8771
 20.1870    38.5919
 20.0976    40.7029
 20.3504    38.9765
 20.1949    40.5892
 20.9653    38.6207
 20.1718    39.7851
 20.3520    39.2848
 20.3786    39.0878
 20.3966    38.8385
 20.2197    40.7574
 20.9810    40.8235
 21.3416    41.0942
 20.4498    38.8799
 20.8423    39.9109
 20.8688    40.3924
 21.2046    40.1342
 21.5392    39.0239
 21.3780    39.9753
 21.1397    39.4256
 20.6547    41.1141
 21.0908    39.7509
 20.1857    41.0230
 21.0940    41.3328
 20.6889    40.5430
 20.1148    40.6323
 20.6393    41.0206
 20.6203    40.8265
 20.6747    38.4575
 21.1329    39.8984
 20.8554    40.6141
 21.2733    39.6153
 20.7916    40.2114
 19.9904    39.4882
 21.0320    39.4354
 20.8578    38.9670
 19.9479    39.0925
 20.2948    39.8467
 19.9935    39.6870
 20.1042    38.9790
 20.4076    38.2360
 20.4931    39.5633
 20.6045    39.2667
 20.4850    38.7978
 20.2426    39.9734
 20.8986    38.5925
 19.7352    40.0143
 20.9950    40.6502
 20.5979    40.1813
 19.6616    40.3302
 20.9916    39.8764
 20.6782    40.5438
 20.1281    40.6341
 20.2764    38.7626
 20.3209    40.5257
 20.5383    39.3841
 20.3438    39.5638
 19.7969    39.7619
 19.9067    36.6882
 19.9640    39.3496
 19.4707    38.9344
 20.0519    40.6718
 20.5264    40.7219
 19.9790    40.2946
 20.1245    41.4779
 20.1884    39.9345
 19.7428    38.0724
 19.7820    39.5507
 19.8572    42.7619
 19.7907    41.3713
 19.8337    40.6518
 19.9491    43.5896
 20.4385    41.6965
 20.6956    45.2949
 19.9168    39.0350
 19.6903    41.3432
 19.2531    39.7502
 19.6330    40.9151
 20.0402    42.1521
 20.5028    40.8602
 20.7552    37.5312
 20.0055    40.9030
 20.4517    41.9676
 20.2759    40.4370
 20.3643    40.1168
 19.9200    41.3580
 20.2870    40.7521
 20.2282    40.8717
 20.5016    40.5256
 20.2656    42.3531
 20.1490    42.6932
 20.4094    41.0274
 19.7840    41.5350
 19.7970    41.5558
 20.3469    39.6361
 19.9173    41.5973
 20.4419    39.5378
 20.3975    41.9537
 19.9020    40.5692
 19.7686    41.2179
 19.8154    44.8024
 19.9075    41.1365
 19.9931    40.9598
 20.1242    40.0544
 20.4875    39.9543
 20.1610    41.5502
 20.5549    39.9138
 20.4707    41.4384
 20.5780    41.2481
 20.9992    42.6546
 20.7001    42.4393
 20.3020    41.6739
 20.7622    40.8908
 20.5120    40.1870
 20.8386    41.1957
 20.8941    42.8446
 21.3740    41.5343
 21.0439    39.5114
 19.8021    41.8356
 20.5133    39.2450
 21.1997    40.9169
 20.4007    40.3279
 20.3872    40.7726
 20.1125    40.2306
 20.6048    41.4321
 20.5841    41.4411
 20.4086    40.9067
 20.5846    42.5458
 20.4684    40.0091
 20.8007    41.9535
 21.6659    39.2805
 20.9728    42.0425
 20.2716    42.6963
 20.8150    39.8233
 20.7690    39.3710
 20.0109    42.1866
 20.6409    41.6920
 20.9491    41.7825
 20.2021    40.4741
 19.8615    40.5996
 20.3258    39.8082
 20.3088    41.2029
 19.8365    39.8336
 20.0731    39.4649
 19.8032    39.8882
 20.5050    38.7083
 20.6105    39.0137
 20.4540    39.3912
 20.7340    40.6197
 20.1446    40.0841
 20.9183    40.7538
 20.2500    38.7911
 20.4820    40.4931
 19.8680    40.4910
 20.5058    40.0053
 19.8036    41.2009
 20.2891    39.0300
 20.6471    42.0170
 20.0007    39.7938
 20.1052    41.8698
 20.0422    42.0069
 20.2764    39.9354
 20.2822    40.4345
 20.2006    41.1502
 20.4688    39.1527
 19.9257    39.5362
 20.6396    42.3294
 20.5696    38.4856
 19.6344    40.2940
 19.8989    38.9722
 20.7050    40.1500
 20.6259    40.5880
 19.6858    39.9387
 20.6398    42.5224
 20.9409    40.8456
 20.2096    39.5824
 20.0343    39.8019
 19.6691    40.5009
 19.9947    41.7029
 19.9881    41.0238
 19.9328    39.1483
 20.1116    41.4712
 19.8455    39.4897
 19.6370    40.9498
 19.9361    41.8719
 19.7009    40.1658
 19.2017    42.3156
 19.8243    39.9257
 20.6061    41.5801
 20.0699    40.3087
 19.9176    41.4009
 20.0738    40.3857
 20.8678    40.6126
 20.7883    40.7146
 20.8087    39.8552
 20.1551    38.8434
 19.9811    41.3019
 20.4933    39.4635
 20.8889    41.3963
 19.8142    40.8904
 20.4430    38.8297
 20.3837    40.7883
 20.0970    41.5909
 20.4768    40.5613
 20.1294    39.4307
 19.7794    41.0488
 20.2483    41.1639
 19.9869    40.7744
 20.1827    41.7971
 20.2733    40.9628
 20.1405    39.6747
 19.6457    42.1849
 20.3875    42.2789
 20.8189    39.6533
 20.1457    39.6653
 20.0027    39.6244
 20.2494    41.8138
 20.0549    41.1798
 21.0056    42.0633
 20.7567    41.9147
 19.9289    41.5807
 20.9634    41.2077
 21.0420    39.9158
 20.8682    41.6194
 20.5344    43.4164
 20.9984    41.8614
 20.4572    41.5997
 20.5740    42.0094
 20.4417    41.4245
 20.2031    40.3006
 19.8021    40.6675
 19.6446    40.5791
 20.7975    40.8015
 20.3173    40.1834
 20.6413    40.8950
 20.7415    38.8638
 20.9878    40.5051
 20.7809    41.2323
 21.2003    41.1366
 20.2163    41.6664
 20.7908    42.9749
 20.5408    39.7412
 19.6011    39.2823
 19.9776    39.9956
 20.2715    41.1558
 20.4667    41.5852
 20.4839    38.5381
 20.5745    40.8796
 19.6999    40.9878
 20.4624    41.9869
 20.9138    43.7323
 20.1478    42.0189
 19.9774    39.3633
 20.3890    41.2824
 19.9824    41.4727
 20.4114    40.1287
 20.2833    40.8265
 19.3416    39.9167
 19.9419    41.0996
 20.0200    39.7475
 20.2519    40.6084
 20.5452    39.3199
 20.4528    40.9942
 20.3365    41.9882
 20.5430    39.6312
 20.3075    40.1498
 20.7097    40.5906
 20.8091    39.3430
 20.7820    41.9436
 20.1681    39.3612
 21.0608    39.8545
 21.3861    40.2389
 21.2467    39.3007
 21.5543    39.6604
 21.3630    39.9251
 20.5004    37.9836
 20.5306    40.3502
 20.7824    40.1620
 20.7008    38.2304
 20.8322    39.8794
 21.9302    40.8516
 21.2414    39.9261
 21.6222    39.8250
 21.2380    40.0175
 21.3700    38.6710
 20.6425    39.9219
 20.4222    40.4176
 20.8985    40.8035
 20.0936    38.8977
 21.1137    39.7102
 21.2086    41.5802
 20.4732    38.5847
 20.8580    40.2430
 20.9136    38.5547
 21.4483    37.7130
 21.3358    38.4611
 20.3830    39.2553
 21.4481    41.9511
 21.5254    41.1960
 20.9603    41.7280
 20.0732    41.5268
 20.2962    42.7748
 20.1656    41.8714
 21.3063    38.3810
 20.6169    41.0858
 20.3235    39.7053
 20.8929    41.0565
 20.9050    40.0542
 20.1282    42.4915
 20.5266    40.5521
 20.6049    41.4611
 20.5150    40.8129
 20.8298    40.8268
 20.4221    38.0043
 20.1370    38.7833
 20.4914    41.0701
 20.2268    41.3211
 20.1200    40.1168
 19.7355    39.4753
 20.5984    40.8827
 20.4972    39.8484
 20.2533    41.1009
 20.2159    39.7576
 20.5011    38.8793
 21.2011    40.7160
 20.2902    42.2202
 20.7469    40.8718
 20.0281    40.1365
 19.9548    39.9175
 20.6538    41.6540
 20.3309    42.1960
 20.1340    41.8516
 20.9998    41.0788
 20.5000    41.9657
 20.5821    43.6581
 20.6392    40.3983
 20.6307    41.5511
 20.3925    39.2629
 20.6445    42.5235
 20.1337    39.6821
 20.5605    41.3709
 20.8934    40.6721
 20.0548    41.2307
 20.4250    40.1781
 20.8144    39.2967
 21.2830    41.0996
 20.5534    42.3007
 20.5724    40.7115
 20.7164    40.9375
 20.5134    41.8191
 20.8658    41.5422
 20.3770    41.3969
 20.4011    41.2876
 20.8733    40.6689
 20.7989    40.4898
 20.4463    39.3445
 20.9229    41.0464
 21.1029    40.9565
 20.2762    39.0619
 21.0984    40.5431
 20.7433    41.1707
 20.8830    40.4614
 21.0168    40.2088
 20.7764    41.0540
 21.0832    40.0821
 20.7068    42.3138
 20.8308    37.8565
 20.3839    39.1537
 20.8960    39.2491
 21.0756    37.9712
 20.7193    39.0624
 20.5933    39.5645
 20.8344    39.4264
 20.5487    39.1961
 20.0874    41.5885
 20.6799    41.6989
 20.3530    41.7482
 20.2876    41.8982
 20.4333    40.8868
 20.6498    40.2213
 20.7075    41.2205
 20.3126    42.2923
 20.1392    41.0286
 20.8578    40.2908
 20.7806    40.4700
 20.1397    41.5039
 20.4844    40.8494
 19.3572    38.9251
 19.7682    41.9422
 20.0671    41.3295
 21.1888    39.9283
 20.7214    41.4772
 20.2967    41.1882
 20.6510    41.3043
 20.6231    41.2549
 20.0872    40.8746
 20.3372    41.2427
 19.9145    40.8219
 20.2078    39.5275
 20.1203    40.4153
 20.0075    41.0987
 20.3217    40.2491
 20.2513    39.8951
 20.5234    39.9443
 20.2350    41.6822
 20.7055    42.2912
 21.0566    39.9154
 20.7622    39.9656
 18.8926    42.0553
 21.1335    40.3309
 20.6129    39.8139
 20.3789    40.5242
 20.5654    39.3988
 20.0584    41.5683
 20.5684    41.2199
 20.0315    41.8348
 20.5140    41.5197
 19.8682    40.3673
 20.3890    40.7789
 19.8333    41.3914
 19.7770    43.3035
 20.0923    42.0212
 19.9429    41.7504
 21.1769    42.3510
 20.5761    42.2351
 20.7731    41.2037
 19.9389    41.1143
 19.6049    38.9128
 19.6195    39.8214
 21.2519    41.0546
 20.5256    40.0510
 20.8142    40.1171
 21.0156    40.1837
 20.9049    39.9780
 19.7414    40.5870
 20.0968    41.1510
 20.5205    40.8674
 19.8614    40.9974
 20.3564    41.1911
 20.1311    38.9230
 19.9357    40.7953
 19.7157    38.8859
 19.9936    40.8577
 20.7536    42.5164
 20.3724    42.3827
 20.5459    42.7461
 21.3867    40.4435
 21.2575    42.1386
 20.7811    41.2108
 20.3342    40.5281
 20.7726    41.7347
 20.8954    40.7417
 20.5683    41.4885
 20.6812    42.3612
 20.5085    40.8165
 20.5271    40.7180
 20.8876    39.5893
 21.0196    41.3681
 21.6018    43.2477
 21.3553    40.7506
 21.1068    40.7216
 21.4483    40.8880
 20.2197    38.2152
 20.5812    40.2844
 20.3966    39.8095
 20.0265    39.5658
 20.6051    40.1638
 21.1494    40.5751
 21.1416    38.9585
 21.5524    40.0296
 20.9345    40.4206
 20.3588    39.9630
 20.3569    40.2219
 20.3380    40.4699
 20.8855    41.7407
 20.7007    42.6179
 21.3772    41.7893
 21.3187    42.2464
 21.3203    41.9123
 20.3815    42.3023
 21.0464    41.0644
 20.0212    42.0843
 19.9110    40.5417
 19.8399    40.9105
 20.6407    41.5588
 20.3272    40.7339
 20.6094    39.3385
 21.2937    41.5573
 20.8518    39.5753
 20.5049    40.8441
 20.3706    43.0966
 20.2008    40.8346
 20.1206    43.7449
 20.7425    40.7106
 20.9740    41.7721
 20.0717    41.4508
 19.7399    42.6139
 20.2014    41.3630
 20.5077    41.1353
 20.8593    42.0855
 20.4434    43.2702
 20.9732    43.5825
 20.1633    41.9832
 20.6734    41.5163
 21.3626    40.7128
 20.8187    40.3258
 20.3864    42.1059
 20.7309    41.4373
 20.5504    42.0836
 20.2757    42.2251
 19.8980    42.5307
 20.4400    43.1966
 19.7110    43.6436
 20.2285    42.6853
 20.0619    42.1667
 20.0063    40.6473
 20.1947    43.3156
 19.8570    44.3397
 20.4353    41.9618
 20.1303    41.7102
 19.7338    39.7917
 20.5350    42.2865
 20.0741    45.1544
 20.4031    43.5529
 20.2409    42.2073
 21.0656    42.1307
 20.0600    41.4735
 20.1239    41.9918
 20.0708    40.4809
 20.6431    41.5491
 20.9136    41.2737
 20.4058    41.1438
 20.8406    41.1451
 20.6741    42.4263
 20.7578    42.6182
 20.4460    42.1228
 20.0119    41.3204
 20.5584    42.4054
 20.6748    42.1819
 20.8439    43.3296
 20.3530    40.7643
 20.6326    41.7688
 19.8469    42.5893
 20.7146    42.9867
 20.3859    43.4116
 20.4432    41.4448
 19.8833    42.1059
 20.3385    41.3035
 20.5456    42.1629
 20.6265    42.8230
 21.1983    42.7970
 20.7998    42.6193
 19.7020    42.3863
 20.2412    42.4907
 20.0835    40.0518
 20.4747    43.9281
 20.4324    41.8769
 20.7865    42.1320
 20.0414    42.8183
 20.1931    42.6240
 20.9029    41.9913
 20.4598    40.4288
 21.3575    43.4602
 21.1526    43.2667
 20.4694    41.1379
 20.4239    43.8089
 20.7058    44.2538
 20.3332    43.7731
 20.1004    43.1870
 20.1952    43.7600
 20.3262    42.0500
 20.5690    41.9128
 20.8170    42.7772
 20.2950    44.5004
 20.4906    42.9112
 20.4114    43.1451
 20.7408    43.4079
 20.3662    43.8780
 19.8829    42.3711
 21.0766    43.5762
 21.1367    43.3836
 20.3722    43.8940
 21.2931    43.1667
 20.8095    42.8410
 20.1755    43.4091
 20.9542    43.6875
 20.4992    43.4240
 20.3563    44.5536
 19.9860    42.6914
 20.5206    43.7487
 20.1566    42.8039
 19.9159    42.0831
 20.4311    42.0626
 19.4439    44.3700
 19.3090    41.3907
 20.2389    40.1981
 19.8422    43.2283
 20.4562    42.7071
 20.2265    43.1065
 20.4461    41.7958
 20.3956    44.0370
 20.8286    43.5993
 20.5046    41.9147
 19.6362    41.8880
 20.2047    42.5426
 20.2684    41.5990
 20.5783    42.1382
 20.8410    42.2403
 20.5709    40.6329
 20.2212    43.1694
 20.2284    42.4213
 20.3087    41.2162
 20.4309    43.3868
 20.8969    42.0232
 21.3347    42.2741
 20.2736    42.0926
 20.1541    41.9711
 20.1678    43.1733
 20.3549    42.9432
 20.9527    43.1836
 20.0924    44.8315
 19.8167    44.5255
 20.2382    43.6409
 19.9114    43.7920
 20.5707    44.1495
 20.4136    43.4794
 20.9585    42.0411
 20.4489    41.4456
 19.6733    40.6132
 20.1718    41.2506
 19.9783    39.7245
 20.5473    42.1553
 20.2642    42.4955
 20.0903    43.0997
 20.3738    41.9785
 19.9365    42.2045
 20.2591    45.1251
 20.3272    41.7876
 21.4076    43.6050
 20.9531    44.6856
 19.7345    41.4853
 21.1582    43.2793
 20.3901    41.7451
 20.1567    42.6059
 20.1108    42.1158
 20.8935    42.4354
 20.6406    42.5510
 20.2167    43.7217
 20.0131    40.9203
 20.0725    42.3786
 20.2369    42.4633
 20.7487    42.2369
 20.1614    41.2892
 20.4564    42.3065
 20.4402    44.0419
 20.2306    41.3538
 20.1922    44.0845
 21.1088    42.8769
 20.5909    44.0239
 20.3234    44.8260
 20.3797    41.7833
 20.8243    43.6892
 20.2458    43.7672
 20.7342    41.9283
 21.2284    43.3237
 20.5287    42.2986
 20.9136    42.7739
 20.5162    43.2611
 21.3095    42.8445
 20.9389    43.0581
 20.5857    42.0322
 20.5305    41.6507
 21.1941    40.5858
 20.5632    41.6509
 21.1655    42.8996
 21.2572    41.0536
 20.0777    41.6603
 20.0427    43.2367
 20.8866    40.4208
 21.2392    42.6812
 20.2892    42.3910
 20.3336    41.0673
 20.2992    40.9901
 20.5195    42.6483
 20.3459    42.6865
 19.6267    41.3878
 20.0759    44.3437
 20.5064    41.3949
 21.3161    44.3118
 20.7749    42.1090
 20.6361    43.4249
 20.8148    44.6699
 20.3990    42.8154
 20.6407    43.6352
 20.4045    41.9205
 20.5879    41.9087
 20.2298    41.6020
 20.5848    43.3720
 20.1135    43.9619
 20.6132    42.0274
 20.6025    44.4522
 20.3698    44.5124
 20.3195    40.5838
 20.8305    41.7934
 20.8717    40.8612
 20.4508    41.0169
 20.7115    43.0397
 20.3580    42.4109
 19.9607    43.0022
 19.8246    42.5959
 20.0996    42.0261
 20.7317    43.7717
 20.6618    42.5754
 19.8014    42.9883
 20.9421    42.8158
 20.2341    43.3897
 20.2284    41.5962
 19.7797    42.0779
 20.4458    42.8213
 20.2761    39.5367
 20.2499    40.5967
 19.7052    41.4463
 19.8026    43.0021
 20.3054    43.3371
 20.3157    45.0454
 19.9243    43.7754
 19.5878    41.6007
 20.2609    43.1422
 20.2711    42.6286
 20.3100    42.0584
 20.7340    43.5419
 19.9631    42.6536
 19.8687    42.1825
 20.0500    42.7172
 19.9044    40.8331
 19.7567    42.1603
 20.1689    41.2710
 20.3757    43.4962
 20.2478    42.2714
 20.0226    42.1323
 19.8126    41.6672
 20.6886    42.4668
 20.7828    40.4773
 20.4681    42.6475
 20.1922    42.7603
 20.5657    42.3177
 20.9577    43.2288
 21.4392    42.2732
 21.1502    42.9586
 20.4418    43.8889
 20.1302    43.2411
 20.5922    45.9086
 20.9100    43.2186
 20.1970    43.1447
 19.7599    40.7721
 19.8995    43.2210
 20.9364    41.4623
 20.2345    41.3030
 20.0747    43.8762
 20.4759    43.2160
 20.6209    43.1539
 20.2392    41.1839
 20.4509    40.5651
 21.0762    41.9036
 20.6081    40.1687
 20.4943    40.7147
 20.8156    39.8542
 21.3457    41.9721
 20.7683    41.4511
 21.2240    42.5350
 20.2159    42.0738
 20.8950    41.9652
 20.5519    41.1906
 20.2772    42.9119
 20.2142    41.2855
 20.2794    42.1649
 21.0517    42.2127
 20.7807    42.0154
 20.3423    43.4847
 20.5389    41.9775
 20.1766    42.7028
 20.3749    43.1195
 20.4392    41.2373
 20.4741    42.1317
 20.1681    41.2248
 19.9817    40.9272
 20.4205    41.0066
 21.1705    40.2081
 19.7517    41.7868
 20.8826    41.5297
 19.8955    40.6878
 20.6659    40.9103
 20.3153    40.7043
 19.7849    39.5630
 19.9288    41.1329
 20.6654    40.5908
 20.7300    40.6393
 20.4986    41.4296
 21.1865    40.7722
 20.4373    41.3267
 19.8913    42.4880
 20.1875    40.6587
 20.2879    40.4304
 20.2427    42.1864
 20.4369    41.9039
 20.0669    42.6118
 20.2162    42.3382
 20.5261    39.9708
 20.5134    40.8378
 19.9061    40.6591
 20.5362    41.6387
 20.6109    43.1703
 20.3387    40.3556
 20.1735    40.7391
 20.8819    41.1721
 20.7474    43.0910
 20.2909    41.6069
 20.2132    43.3721
 20.1193    42.9779
 19.9229    40.4224
 20.7278    42.0721
 19.3722    41.9551
 19.7839    41.2228
 20.1792    41.2704
 19.5690    43.1568
 19.7476    41.9660
 20.8446    43.1087
 20.0884    43.2158
 20.5214    43.8700
 20.6758    44.4809
 19.8794    43.5831
 20.3383    42.3385
 20.1183    41.3208
 20.3926    42.9266
 20.4467    41.0485
 19.9369    42.6890
 19.9567    40.3639
 20.4075    41.1430
 20.9191    40.9779
 19.9015    41.9097
 19.7909    43.2209
 20.5206    41.0299
 20.2653    41.1006
 19.8502    43.7637
 19.7231    41.9513
 19.6673    42.5874
 19.9975    43.5111
 19.4906    41.4668
 19.9765    42.3266
 20.2608    40.4691
 19.9432    40.0091
 19.9639    41.0327
 20.2714    44.2674
 20.0727    43.1094
 20.1168    42.7302
 20.5574    41.9370
 20.0667    42.8029
 19.3344    42.8148
 20.0262    43.6161
 19.7469    44.0723
 19.8105    40.9427
 19.8346    42.8512
 19.6163    43.1768
 20.7376    41.1600
 19.7638    42.3290
 19.7313    42.1353
 19.7882    42.7125
 20.5631    43.5202
 20.3003    41.5794
 21.0660    42.7594
 20.7982    41.6448
 20.1315    42.8737
 20.0710    41.8169
 20.2527    42.6976
 20.2012    42.5140
 19.5566    42.8104
 21.0933    42.6562
 21.0070    43.4828
 21.0426    43.0690
 20.9948    45.0341
 20.9020    44.8472
 20.1955    42.4572
 21.0009    42.9845
 20.9026    42.7298
 21.3636    44.0952
 20.8753    41.9074
 20.4607    43.6942
 20.9705    45.6743
 21.2594    43.4712
 20.3969    43.5935
 20.4780    44.1547
 19.9300    43.3104
 20.9750    43.7423
 20.4702    42.5390
 20.6347    42.1560
 20.1069    42.8364
 19.9852    43.1637
 20.6370    41.8956
 20.4196    42.7297
 20.3560    41.4606
 19.8218    41.9617
 20.1519    40.9835
 20.8270    42.2013
 21.3530    41.1139
 21.2838    41.2217
 21.8240    42.5549
 20.8184    41.1083
 20.7758    41.5221
 21.1264    41.1978
 20.3598    40.9814
 21.2652    43.0573
 21.1337    45.3706
 20.7642    41.5485
 21.2466    42.5584
 20.5297    42.7664
 20.2016    41.6933
 19.8511    41.7352
 19.9956    43.6581
 21.2353    40.9279
 20.9479    42.1658
 20.4738    41.9461
 20.4960    43.0018
 20.5854    41.4293
 19.8864    40.2486
 20.7454    41.3026
 20.7257    42.4433
 19.7274    40.8343
 20.0021    43.8696
 20.4804    43.1241
 20.4735    43.1397
 20.1776    42.2170
 19.8735    43.2086
 20.2798    43.4692
 19.4817    44.4818
 20.5380    44.7383
 20.5282    44.9652
 19.4312    43.1618
 19.7991    42.2447
 20.6402    42.9440
 19.9669    43.3401
 20.4641    42.3999
 20.2740    40.5457
 20.2168    41.2436
 20.1163    40.8954
 20.1567    41.9445
 20.0775    44.2420
 20.1394    42.7444
 20.1941    40.7865
 20.0512    43.2767
 20.0915    42.2684
 20.4004    41.6297
 20.3362    43.4274
 20.5315    42.5587
 20.5008    40.8015
 20.8585    41.9788
 19.6502    43.6339
 20.0950    42.8705
 20.2770    43.4586
 19.8912    40.9973
 19.3708    40.4838
 20.5513    42.2587
 20.2757    42.6176
 20.5878    41.8385
 19.9661    43.6121
 20.7979    42.0984
 20.7709    43.2540
 20.2702    42.6863
 20.7735    43.8368
 20.2152    42.7481
 21.1037    42.6378
 20.5477    41.5645
 20.2095    41.7224
 19.4992    41.1474
 20.3048    42.0393
 19.7796    42.1465
 19.5054    42.1282
 20.5058    41.8125
 20.0994    43.1133
 20.6652    42.5333
 19.9189    41.9170
 20.3310    41.2757
 20.4711    42.2265
 20.1320    42.9329
 20.4947    41.7839
 20.3708    41.2560
 20.5805    42.7671
 20.0186    40.9395
 20.3201    41.3591
 21.0989    41.8721
 20.0764    42.5292
 19.7981    43.4240
 20.0086    40.5380
 20.0728    42.9663
 19.8109    42.5139
 20.1427    41.3649
 20.5410    42.0158
 20.5268    42.2273
 20.3374    41.0310
 20.6146    43.6690
 20.5538    43.1887
 21.2605    41.1727
 20.2882    41.1814
 20.6620    43.2750
 20.2622    41.8930
 20.6932    43.3349
 20.1140    45.1381
 20.1200    42.1057
 20.1236    40.7063
 20.1255    41.0870
 20.0771    40.8980
 20.6129    42.1137
 20.6391    40.3884
 20.2223    42.9486
 20.6600    42.2262
 20.6381    41.6648
 20.8029    42.6435
 20.3263    41.0338
 21.6935    41.8844
 21.2918    43.6351
 20.9498    43.1944
 20.6144    42.6381
 20.2452    43.2106
 21.2193    44.7649
 20.2850    41.7583
 20.3900    42.5936
 20.6221    42.3175
 20.0789    42.5572
 19.6601    42.4487
 20.5796    41.7447
 20.6554    43.0708
 19.4438    42.0083
 20.4164    42.7882
 20.3144    42.6202
 20.5205    41.8558
 20.6532    43.2845
 20.7206    43.1073
 21.1000    42.6703
 21.1318    43.5030
 20.5960    42.5711
 21.1432    42.5628
 20.3084    42.0426
 20.3683    42.4903
 20.0084    45.1826
 20.3774    43.6909
 20.0297    42.9210
 19.9943    41.6229
 20.4872    42.0651
 20.6082    41.7895
 20.2746    42.5100
 19.8130    42.2835
 19.2753    41.4026
 20.4231    43.1764
 19.6243    42.8057
 20.0185    42.7216
 20.5475    42.3386
 20.8124    42.9191
 20.6122    44.7710
 20.4276    41.6920
 19.7315    41.9873
 20.1182    43.5781
 20.9514    44.1407
 21.0027    42.0102
 20.4157    42.4728
 20.5330    43.1648
 21.0397    43.3692
 20.4491    43.2934
 21.2536    43.0931
 20.8695    43.2371
 20.5735    42.8175
 20.5526    44.6640
 21.0115    43.4584
 21.1847    43.1945
 20.6582    42.1255
 20.7508    43.0950
 20.3688    43.7348
 20.6585    41.7673
 20.1156    43.4417
 20.5468    44.0405
 20.9876    44.3804
 21.2562    42.5046
 21.0275    43.7703
 20.4626    42.8744
 20.7059    44.1672
 20.4939    46.0172
 20.2079    41.7925
 20.4010    43.1078
 20.3957    42.8359
 19.8945    42.5933
 20.7251    43.0859
 20.6263    43.1482
 19.4369    44.0859
 19.3950    45.0766
 20.3044    44.7234
 20.5263    42.0558
 19.9487    44.8873
 20.2128    41.9682
 20.7064    42.5526
 20.5852    42.0847
 20.8038    43.5063
 20.1474    41.6457
 20.8726    44.0775
 20.1936    42.6102
 20.2174    42.8894
 20.4646    44.0661
 20.9492    43.9234
 21.1124    43.8262
 20.2466    43.8779
 20.1778    43.3400
 19.7981    43.1928
 20.0790    43.5835
 20.8056    43.0853
 19.9314    45.8306
 20.6789    43.2079
 20.5595    43.7681
 19.8938    45.2810
 20.4143    43.5567
 20.0492    46.0293
 19.8281    43.0992
 19.9243    42.4195
 20.2768    43.8471
 20.9592    42.9723
 20.2171    45.8793
 20.1202    46.0525
 20.3912    44.0910
 19.9260    44.0937
 19.9213    44.2203
 20.6420    43.3164
 19.7102    42.9898
 19.8476    42.7545
 20.3574    43.4009
 20.4896    42.3469
 19.9661    44.7670
 20.2577    43.9218
 20.9049    44.0265
 19.7025    46.3301
 19.8280    44.0265
 19.6702    44.5555
 19.9025    43.5942
 20.6713    43.6162
 20.0783    42.3354
 20.5812    44.8293
 20.4697    42.7097
 20.5745    43.3089
 20.5021    42.0118
 20.7366    44.2066
 20.4953    43.9469
 20.6710    42.8110
 20.5822    43.6686
 20.2623    43.6298
 20.1994    43.6197
 20.4749    44.0340
 21.5188    42.4685
 21.0525    44.3617
 21.0505    42.1063
 21.0264    43.6150
 21.0182    41.6750
 20.4753    40.2037
 20.2852    42.2465
 20.3411    45.0016
 20.3854    43.6794
 20.6079    42.4231
 20.7471    43.3503
 20.6392    44.0684
 20.4678    44.9071
 20.5846    44.1461
 20.5482    44.0112
 20.1356    43.6659
 20.0363    44.7910
 19.9069    43.9380
 20.3575    43.8682
 20.5574    43.6161
 20.5125    42.8114
 20.6370    41.1661
 20.3004    42.4809
 20.0836    41.6892
 19.7678    42.2968
 20.7490    41.2229
 20.5363    42.3507
 20.4383    44.3475
 20.6535    42.4526
 20.9024    42.8985
 20.7050    41.8316
 20.0250    43.1024
 20.4319    42.8546
 20.5609    44.1569
 20.1999    43.9551
 19.8963    43.5010
 20.0323    42.6139
 19.9387    45.5667
 20.9249    45.5618
 20.6471    45.8004
 20.3737    45.3333
 20.3410    44.4333
 20.9798    46.0605
 21.0857    45.2061
 20.2863    46.5619
 19.9705    45.9563
 20.8360    44.7605
 21.1764    44.5145
 20.9576    44.7304
 20.9962    44.1732
 20.8454    45.1727
 21.1660    45.3075
 20.5321    43.5922
 20.3779    46.9008
 20.6445    46.3348
 21.4426    45.8991
 20.9745    46.4093
 19.9776    44.1864
 21.1078    44.8983
 19.9540    45.6755
 21.0719    44.0085
 20.6670    43.5141
 20.4104    43.7793
 20.1382    43.0416
 20.4668    44.4351
 19.9215    44.1551
 20.4638    45.8941
 20.4664    45.8128
 20.3073    45.3871
 20.5984    45.4208
 20.3934    44.5626
 20.3121    45.3358
 19.7113    45.0106
 20.2630    43.7556
 20.3366    43.9142
 20.0908    43.2601
 20.6404    43.6996
 20.1398    44.6984
 20.3705    43.4277
 20.0774    44.7395
 20.4790    45.4357
 20.5859    41.4198
 20.7837    43.2274
 20.4275    43.6987
 20.4215    44.7215
 19.9364    42.6977
 19.7099    42.8967
 20.7447    43.2644
 20.3839    44.3020
 20.2912    42.1495
 20.1941    43.2511
 20.4630    41.3181
 21.1071    42.1529
 20.6309    45.2257
 20.9471    42.6109
 20.1977    40.7481
 21.0171    41.8417
 20.7361    43.1600
 21.0157    42.9377
 21.2190    42.4987
 21.0971    40.6072
 20.8144    42.0559
 20.8492    40.8499
 20.8966    41.0656
 20.7124    42.2968
 20.9272    40.5407
 21.4102    43.6311
 20.6447    42.2599
 20.8445    44.0356
 20.5168    40.6352
 20.9185    41.6370
 20.5286    44.0322
 21.3384    43.3219
 20.5108    43.6643
 20.7349    41.4466
 20.1924    43.8852
 20.9854    43.6076
 20.5056    42.1109
 21.1283    42.0877
 20.1542    42.3766
 20.1804    42.9293
 20.9179    42.9988
 20.7050    41.8958
 20.8429    43.3397
 20.8989    43.2595
 20.9872    41.8202
 19.9588    42.1998
 21.0035    42.6670
 20.9173    43.2934
 20.5277    41.8534
 20.3494    44.0145
 20.0860    40.6966
 21.1795    42.0888
 21.3903    42.8054
 21.1101    42.0417
 20.9725    45.5247
 20.8749    42.2413
 20.5399    42.2368
 20.3924    42.4560
 21.2627    42.7114
 21.4979    43.8362
 21.6237    42.4416
 20.9779    42.0038
 21.7010    43.9011
 21.2824    44.3218
 21.3603    44.2729
 21.0285    44.0885
 21.1721    42.9023
 21.7798    42.5186
 21.2925    43.5744
 21.8586    42.2555
 21.5026    42.4073
 21.7612    40.5756
 21.6663    42.7869
 20.9913    44.8180
 21.3449    42.9883
 21.1571    44.7000
 20.6912    44.0327
 20.9999    43.9443
 20.6036    42.3827
 19.9240    43.3501
 20.7079    43.0228
 20.5517    42.1848
 21.1134    45.1205
 20.4657    43.1667
 20.1054    43.9671
 20.6751    42.7993
 19.8465    42.8295
 20.1881    43.7674
 20.4201    42.9888
 20.3553    44.1000
 20.6176    42.5519
 20.3005    43.0217
 19.7406    43.0276
 20.4646    42.8300
 19.8719    43.8326
 20.2212    41.4989
 19.8137    43.6942
 20.2891    41.8671
 20.2341    41.9420
 19.8870    41.9457
 20.5099    43.0480
 20.0238    42.4929
 20.3963    42.9219
 20.0760    46.7657
 20.2036    43.7518
 20.0569    44.5933
 19.6453    45.6926
 19.8434    43.3712
 20.5108    43.8932
 20.4514    45.6051
 20.7092    44.5356
 20.8173    44.0475
 20.7105    43.6273
 20.3181    43.2888
 20.4966    44.0774
 20.3481    44.2822
 20.6671    42.8876
 20.3917    42.6132
 20.2325    42.5064
 20.8004    42.1566
 20.6478    42.8215
 19.8073    40.2377
 20.4822    42.7102
 20.0889    42.8777
 20.3652    42.8937
 21.0618    42.7832
 20.8194    41.4132
 20.9619    44.3803
 19.7568    40.7176
 20.6377    43.0525
 20.6655    43.1342
 20.1131    43.8041
 20.3315    43.3364
 19.8671    42.3746
 19.6068    41.5389
 21.1016    41.4395
 20.4985    44.4269
 20.5527    43.8354
 20.5978    42.4730
 20.5926    44.4710
 20.6053    42.3459
 21.0748    43.9477
 20.9776    43.6901
 20.4498    43.5424
 20.5903    42.8455
 20.3084    43.5582
 20.6372    40.8971
 20.3284    42.8268
 20.2470    40.4845
 20.5730    42.4267
 20.5016    42.8026
 20.8968    42.1958
 20.5817    44.6637
 20.2501    43.7907
 21.1417    43.4862
 20.5579    41.9393
 19.6564    41.8947
 20.5184    41.8692
 20.7114    43.4415
 20.5245    43.5635
 20.3464    43.8491
 20.7255    41.2353
 20.6035    42.9807
 20.7615    42.8375
 20.6679    42.8744
 20.8781    44.0687
 20.9255    44.3638
 20.4128    42.2364
 20.3887    42.4895
 20.6947    42.5367
 21.1340    43.8782
 20.2260    43.5764
 20.8390    42.1207
 21.1739    43.8823
 20.5433    42.6509
 19.4550    42.7108
 20.9556    44.7555
 19.7866    43.1881
 20.6216    43.5138
 20.9335    44.1607
 20.3020    42.2104
 19.9366    44.0680
 20.7682    42.2535
 20.5187    43.4452
 20.4281    42.6194
 20.9973    45.2013
 20.6773    41.8426
 21.5943    42.0066
 20.4593    41.4452
 21.1511    43.1378
 21.3971    42.8196
 20.9560    43.7816
 19.8937    42.0026
 20.5201    39.6768
 21.0327    41.7876
 20.2206    44.1686
 20.4574    42.2362
 20.9116    42.5193
 20.9510    41.7052
 21.2048    43.9591
 20.8272    41.8994
 20.6629    43.1790
 20.4517    41.6374
 20.8399    43.8777
 20.8893    42.7685
 20.6993    44.7426
 20.1448    43.0767
 20.9303    44.0081
 20.7237    44.1534
 21.2334    41.3899
 21.1545    41.4336
 20.6205    41.7224
 20.6308    42.0457
 20.2759    42.8909
 20.4995    43.4862
 20.7180    41.9556
 20.6603    42.2198
 20.4324    41.1985
 20.3640    41.8443
 20.2061    40.9356
 20.3431    41.1980
 19.7443    42.2470
 20.2591    41.3429
 20.2654    40.4065
 20.1466    41.6601
 20.8265    39.7262
 20.3410    42.0670
 21.1047    43.4216
 21.0456    42.9547
 20.9578    43.1263
 20.3353    41.4581
 20.3527    44.2998
 20.3843    43.7247
 20.6166    42.7909
 20.7480    42.7470
 20.7437    43.6255
 20.7724    45.2983
 19.9268    42.5169
 20.5161    42.9916
 20.1426    42.1211
 20.2586    42.7993
 20.3276    42.6275
 20.3783    42.2418
 20.3436    43.6894
 20.0377    43.9149
 20.3493    42.8789
 20.1033    42.0189
 20.8341    42.2327
 20.1160    41.6290
 20.6716    41.7817
 20.4535    42.9004
 20.7671    43.3911
 20.0124    44.6012
 21.4399    43.6319
 20.8097    44.0255
 20.2552    42.1618
 21.1266    44.5923
 20.9755    42.7224
 20.8628    42.1580
 20.3523    41.2691
 20.4218    42.8098
 20.3618    41.3068
 20.8311    42.2462
 20.7608    41.0186
 20.0650    44.0695
 20.4007    42.5799
 20.2753    43.6837
 21.1187    42.9718
 21.0338    42.7609
 20.1544    43.3034
 19.6925    42.9536
 20.1384    41.7862
 20.1268    43.3638
 20.4922    43.3149
 20.0250    40.9292
 20.2731    42.5821
 20.2767    42.0310
 19.8425    42.0472
 20.8078    41.1866
 20.3249    44.0147
 20.2286    42.2417
 20.4526    41.7347
 20.7444    44.2696
 21.3205    42.9774
 21.3352    43.0601
 19.9832    44.1900
 20.7546    42.2911
 20.6401    42.4492
 20.0912    42.0214
 20.5120    42.2952
 20.2077    43.3203
 20.6209    42.4625
 20.2017    42.8728
 20.8398    42.7459
 20.1690    42.9917
 19.8742    41.6806
 20.2744    41.6277
 19.9002    43.3172
 20.2503    42.4271
 20.5024    43.3821
 20.5086    42.6592
 21.1153    43.3304
 20.3205    43.1668
 20.1216    42.5638
 19.5496    43.0032
 20.2346    42.9188
 19.9251    45.3120
 20.6541    42.1020
 20.8418    41.6991
 21.1953    42.4686
 20.7911    41.7880
 20.4450    39.4365
 20.1460    40.8004
 20.9351    40.1096
 20.4225    41.3645
 19.8022    40.7011
 21.0967    41.3367
 20.4071    39.7680
 20.1617    40.0557
 20.6203    41.3858
 20.7967    42.4436
 20.5763    42.8801
 20.2161    42.8450
 20.2399    41.0782
 20.2760    40.8923
 20.5505    41.8520
 20.4951    41.1802
 19.7580    42.6690
 19.5910    41.3682
 20.8154    40.9879
 20.2092    41.2490
 19.9144    44.0815
 20.9808    42.1443
 20.8456    42.4424
 20.9929    41.7845
 20.5127    40.7517
 20.8731    42.5331
 20.4154    41.2356
 21.0496    43.4662
 20.6340    41.7992
 20.0082    42.3862
 21.3401    43.0757
 21.4658    40.8300
 20.5849    42.9506
 20.5785    43.3596
 20.1151    42.1600
 20.3251    43.0782
 20.4482    41.9010
 20.1030    42.9863
 20.3696    42.6441
 20.3889    43.5374
 20.0760    41.8286
 21.0257    42.7187
 21.1765    44.1761
 20.8018    41.3862
 20.3913    41.7303
 20.1589    42.8036
 20.8396    43.1125
 20.4147    42.5141
 20.5073    42.6180
 20.1545    41.1090
 19.8374    43.4814
 20.4049    41.1949
 19.9813    43.5172
 20.1952    44.0892
 19.5168    43.1135
 20.5391    43.6348
 19.6248    41.9230
 20.2013    41.0054
 19.7976    39.7844
 19.9308    42.8526
 19.8426    41.0849
 20.6730    43.1207
 19.7599    44.4157
 20.0693    42.1920
 20.2868    43.0658
 20.2869    43.0739
 20.2008    42.7435
 19.6147    42.6895
 20.3658    41.3041
 20.4000    43.6545
 19.6288    41.5181
 20.7771    41.8706
 20.3701    41.9740
 20.7577    43.4248
 21.1206    41.8941
 21.0290    41.2082
 21.1110    42.5480
 20.8266    42.2585
 20.1068    42.5534
 20.1812    42.7601
 20.5669    41.6566
 20.6364    42.2778
 20.4343    41.4991
 20.6426    41.4224
 20.8546    44.0887
 21.0551    44.7458
 19.6730    43.1682
 20.2000    43.0924
 20.3549    42.9152
 20.2710    41.4353
 19.9260    42.8889
 20.4915    41.5669
 20.4336    39.6328
 20.1129    41.4129
 20.6507    41.3864
 20.1533    40.9851
 20.6280    40.2709
 19.8435    39.6882
 20.5222    41.2892
 19.7820    39.6042
 19.3585    43.1360
 19.2702    40.9817
 20.3297    39.5508
 19.7585    41.7680
 20.3877    41.1417
 20.3373    41.7444
 19.7661    43.7314
 19.7851    42.2379
 19.5901    41.2818
 21.1790    43.1251
 19.6924    40.4487
 19.7757    39.7189
 19.6535    43.1035
 20.4815    42.2726
 21.0634    41.0706
 20.5020    41.6854
 20.6413    41.8048
 20.6472    42.9374
 20.7028    41.1591
 20.4733    42.8394
 20.5532    42.5452
 20.8304    42.6981
 20.9800    42.7836
 21.3017    40.9083
 20.9328    41.6690
 20.3362    41.4240
 20.6660    42.2312
 20.8622    42.2082
 19.9080    43.7025
 20.8733    40.8566
 21.0232    42.1476
 21.3837    41.0707
 20.6489    42.8620
 21.1507    45.1195
 20.3183    43.6308
 20.8979    40.0944
 20.7790    39.9773
 21.1440    43.6977
 21.2134    43.6408
 21.3437    43.0712
 19.9664    42.0016
 20.0407    44.5122
 20.6801    43.4204
 20.4075    41.8103
 20.8570    42.8797
 20.4512    42.4013
 19.8488    41.6150
 20.6964    43.3029
 21.2727    44.7669
 19.6822    44.7964
 19.6033    41.3760
 19.9544    40.7095
 20.6028    42.4108
 20.8264    41.4235
 20.8659    42.8338
 21.2041    42.1592
 21.2641    41.6357
 20.1415    41.6919
 20.8507    42.9200
 20.2392    42.1509
 21.5279    43.6429
 20.5948    41.0431
 20.0565    41.3176
 20.4258    42.1395
 20.3468    42.8355
 20.6760    43.0718
 20.8022    39.9233
 20.6985    40.9425
 20.8404    42.2815
 20.9592    42.4335
 20.5461    40.4348
 20.5358    42.7309
 20.1797    42.5802
 22.2440    42.3501
 21.3900    42.1472
 21.1431    43.0358
 20.7798    43.9950
 19.7245    43.4581
 20.8862    42.7980
 21.2715    42.8319
 21.0183    43.2036
 20.7098    42.3877
 21.0148    42.4000
 21.5377    42.6264
 20.7978    43.0577
 21.2759    43.9529
 21.1285    43.2553
 21.0761    41.9799
 20.9078    46.1539
 20.6559    43.1151
 21.2021    42.1151
 21.3227    43.9551
 21.2909    41.6082